-0.3000000E+02  0.6374000E-01  0.0000000E+00
-0.2994135E+02  0.6374000E-01  0.0000000E+00
-0.2988270E+02  0.6374000E-01  0.0000000E+00
-0.2982405E+02  0.6374000E-01  0.0000000E+00
-0.2976540E+02  0.6374000E-01  0.0000000E+00
-0.2970674E+02  0.6374000E-01  0.0000000E+00
-0.2964809E+02  0.6374000E-01  0.0000000E+00
-0.2958944E+02  0.6374000E-01  0.0000000E+00
-0.2953079E+02  0.6374000E-01  0.0000000E+00
-0.2947214E+02  0.6374000E-01  0.0000000E+00
-0.2941349E+02  0.6374000E-01  0.0000000E+00
-0.2935484E+02  0.6374000E-01  0.0000000E+00
-0.2929619E+02  0.6374000E-01  0.0000000E+00
-0.2923754E+02  0.6374000E-01  0.0000000E+00
-0.2917889E+02  0.6374000E-01  0.0000000E+00
-0.2912023E+02  0.6374000E-01  0.0000000E+00
-0.2906158E+02  0.6374000E-01  0.0000000E+00
-0.2900293E+02  0.6374000E-01  0.0000000E+00
-0.2894428E+02  0.6374000E-01  0.0000000E+00
-0.2888563E+02  0.6374000E-01  0.0000000E+00
-0.2882698E+02  0.6374000E-01  0.0000000E+00
-0.2876833E+02  0.6374000E-01  0.0000000E+00
-0.2870968E+02  0.6374000E-01  0.0000000E+00
-0.2865103E+02  0.6374000E-01  0.0000000E+00
-0.2859238E+02  0.6374000E-01  0.0000000E+00
-0.2853372E+02  0.6374000E-01  0.0000000E+00
-0.2847507E+02  0.6374000E-01  0.0000000E+00
-0.2841642E+02  0.6374000E-01  0.0000000E+00
-0.2835777E+02  0.6374000E-01  0.0000000E+00
-0.2829912E+02  0.6374000E-01  0.0000000E+00
-0.2824047E+02  0.6374000E-01  0.0000000E+00
-0.2818182E+02  0.6374000E-01  0.0000000E+00
-0.2812317E+02  0.6374000E-01  0.0000000E+00
-0.2806452E+02  0.6374000E-01  0.0000000E+00
-0.2800587E+02  0.6374000E-01  0.0000000E+00
-0.2794721E+02  0.6374000E-01  0.0000000E+00
-0.2788856E+02  0.6374000E-01  0.0000000E+00
-0.2782991E+02  0.6374000E-01  0.0000000E+00
-0.2777126E+02  0.6374000E-01  0.0000000E+00
-0.2771261E+02  0.6374000E-01  0.0000000E+00
-0.2765396E+02  0.6374000E-01  0.0000000E+00
-0.2759531E+02  0.6374000E-01  0.0000000E+00
-0.2753666E+02  0.6374000E-01  0.0000000E+00
-0.2747801E+02  0.6374000E-01  0.0000000E+00
-0.2741935E+02  0.6374000E-01  0.0000000E+00
-0.2736070E+02  0.6374000E-01  0.0000000E+00
-0.2730205E+02  0.6374000E-01  0.0000000E+00
-0.2724340E+02  0.6374000E-01  0.0000000E+00
-0.2718475E+02  0.6374000E-01  0.0000000E+00
-0.2712610E+02  0.6374000E-01  0.0000000E+00
-0.2706745E+02  0.6374000E-01  0.0000000E+00
-0.2700880E+02  0.6374000E-01  0.0000000E+00
-0.2695015E+02  0.6374000E-01  0.0000000E+00
-0.2689150E+02  0.6374000E-01  0.0000000E+00
-0.2683284E+02  0.6374000E-01  0.0000000E+00
-0.2677419E+02  0.6374000E-01  0.0000000E+00
-0.2671554E+02  0.6374000E-01  0.0000000E+00
-0.2665689E+02  0.6374000E-01  0.0000000E+00
-0.2659824E+02  0.6374000E-01  0.0000000E+00
-0.2653959E+02  0.6374000E-01  0.0000000E+00
-0.2648094E+02  0.6374000E-01  0.0000000E+00
-0.2642229E+02  0.6374000E-01  0.0000000E+00
-0.2636364E+02  0.6374000E-01  0.0000000E+00
-0.2630499E+02  0.6374000E-01  0.0000000E+00
-0.2624633E+02  0.6374000E-01  0.0000000E+00
-0.2618768E+02  0.6374000E-01  0.0000000E+00
-0.2612903E+02  0.6374000E-01  0.0000000E+00
-0.2607038E+02  0.6374000E-01  0.0000000E+00
-0.2601173E+02  0.6374000E-01  0.0000000E+00
-0.2595308E+02  0.6374000E-01  0.0000000E+00
-0.2589443E+02  0.6374000E-01  0.0000000E+00
-0.2583578E+02  0.6374000E-01  0.0000000E+00
-0.2577713E+02  0.6374000E-01  0.0000000E+00
-0.2571848E+02  0.6374000E-01  0.0000000E+00
-0.2565982E+02  0.6374000E-01  0.0000000E+00
-0.2560117E+02  0.6374000E-01  0.0000000E+00
-0.2554252E+02  0.6374000E-01  0.0000000E+00
-0.2548387E+02  0.6374000E-01  0.0000000E+00
-0.2542522E+02  0.6374000E-01  0.0000000E+00
-0.2536657E+02  0.6374000E-01  0.0000000E+00
-0.2530792E+02  0.6374000E-01  0.0000000E+00
-0.2524927E+02  0.6374000E-01  0.0000000E+00
-0.2519062E+02  0.6374000E-01  0.0000000E+00
-0.2513196E+02  0.6374000E-01  0.0000000E+00
-0.2507331E+02  0.6374000E-01  0.0000000E+00
-0.2501466E+02  0.6374000E-01  0.0000000E+00
-0.2495601E+02  0.6374000E-01  0.0000000E+00
-0.2489736E+02  0.6374000E-01  0.0000000E+00
-0.2483871E+02  0.6374000E-01  0.0000000E+00
-0.2478006E+02  0.6374000E-01  0.0000000E+00
-0.2472141E+02  0.6374000E-01  0.0000000E+00
-0.2466276E+02  0.6374000E-01  0.0000000E+00
-0.2460411E+02  0.6374000E-01  0.0000000E+00
-0.2454545E+02  0.6374000E-01  0.0000000E+00
-0.2448680E+02  0.6374000E-01  0.0000000E+00
-0.2442815E+02  0.6374000E-01  0.0000000E+00
-0.2436950E+02  0.6374000E-01  0.0000000E+00
-0.2431085E+02  0.6374000E-01  0.0000000E+00
-0.2425220E+02  0.6374000E-01  0.0000000E+00
-0.2419355E+02  0.6374000E-01  0.0000000E+00
-0.2413490E+02  0.6374000E-01  0.0000000E+00
-0.2407625E+02  0.6374000E-01  0.0000000E+00
-0.2401760E+02  0.6374000E-01  0.0000000E+00
-0.2395894E+02  0.6374000E-01  0.0000000E+00
-0.2390029E+02  0.6374000E-01  0.0000000E+00
-0.2384164E+02  0.6374000E-01  0.0000000E+00
-0.2378299E+02  0.6374000E-01  0.0000000E+00
-0.2372434E+02  0.6374000E-01  0.0000000E+00
-0.2366569E+02  0.6374000E-01  0.0000000E+00
-0.2360704E+02  0.6374000E-01  0.0000000E+00
-0.2354839E+02  0.6374000E-01  0.0000000E+00
-0.2348974E+02  0.6374000E-01  0.0000000E+00
-0.2343109E+02  0.6374000E-01  0.0000000E+00
-0.2337243E+02  0.6374000E-01  0.0000000E+00
-0.2331378E+02  0.6374000E-01  0.0000000E+00
-0.2325513E+02  0.6374000E-01  0.0000000E+00
-0.2319648E+02  0.6374000E-01  0.0000000E+00
-0.2313783E+02  0.6374000E-01  0.0000000E+00
-0.2307918E+02  0.6374000E-01  0.0000000E+00
-0.2302053E+02  0.6374000E-01  0.0000000E+00
-0.2296188E+02  0.6374000E-01  0.0000000E+00
-0.2290323E+02  0.6374000E-01  0.0000000E+00
-0.2284457E+02  0.6374000E-01  0.0000000E+00
-0.2278592E+02  0.6374000E-01  0.0000000E+00
-0.2272727E+02  0.6374000E-01  0.0000000E+00
-0.2266862E+02  0.6374000E-01  0.0000000E+00
-0.2260997E+02  0.6374000E-01  0.0000000E+00
-0.2255132E+02  0.6374000E-01  0.0000000E+00
-0.2249267E+02  0.6374000E-01  0.0000000E+00
-0.2243402E+02  0.6374000E-01  0.0000000E+00
-0.2237537E+02  0.6374000E-01  0.0000000E+00
-0.2231672E+02  0.6374000E-01  0.0000000E+00
-0.2225806E+02  0.6374000E-01  0.0000000E+00
-0.2219941E+02  0.6374000E-01  0.0000000E+00
-0.2214076E+02  0.6374000E-01  0.0000000E+00
-0.2208211E+02  0.6374000E-01  0.0000000E+00
-0.2202346E+02  0.6374000E-01  0.0000000E+00
-0.2196481E+02  0.6374000E-01  0.0000000E+00
-0.2190616E+02  0.6374000E-01  0.0000000E+00
-0.2184751E+02  0.6374000E-01  0.0000000E+00
-0.2178886E+02  0.6374000E-01  0.0000000E+00
-0.2173021E+02  0.6374000E-01  0.0000000E+00
-0.2167155E+02  0.6374000E-01  0.0000000E+00
-0.2161290E+02  0.6374000E-01  0.0000000E+00
-0.2155425E+02  0.6374000E-01  0.0000000E+00
-0.2149560E+02  0.6374000E-01  0.0000000E+00
-0.2143695E+02  0.6374000E-01  0.0000000E+00
-0.2137830E+02  0.6374000E-01  0.0000000E+00
-0.2131965E+02  0.6374000E-01  0.0000000E+00
-0.2126100E+02  0.6374000E-01  0.0000000E+00
-0.2120235E+02  0.6374000E-01  0.0000000E+00
-0.2114370E+02  0.6374000E-01  0.0000000E+00
-0.2108504E+02  0.6374000E-01  0.0000000E+00
-0.2102639E+02  0.6374000E-01  0.0000000E+00
-0.2096774E+02  0.6374000E-01  0.0000000E+00
-0.2090909E+02  0.6374000E-01  0.0000000E+00
-0.2085044E+02  0.6374000E-01  0.0000000E+00
-0.2079179E+02  0.6374000E-01  0.0000000E+00
-0.2073314E+02  0.6374000E-01  0.0000000E+00
-0.2067449E+02  0.6374000E-01  0.0000000E+00
-0.2061584E+02  0.6374000E-01  0.0000000E+00
-0.2055718E+02  0.6374000E-01  0.0000000E+00
-0.2049853E+02  0.6374000E-01  0.0000000E+00
-0.2043988E+02  0.6374000E-01  0.0000000E+00
-0.2038123E+02  0.6374000E-01  0.0000000E+00
-0.2032258E+02  0.6374000E-01  0.0000000E+00
-0.2026393E+02  0.6374000E-01  0.0000000E+00
-0.2020528E+02  0.6374000E-01  0.0000000E+00
-0.2014663E+02  0.6374000E-01  0.0000000E+00
-0.2008798E+02  0.6374000E-01  0.0000000E+00
-0.2002933E+02  0.6374000E-01  0.0000000E+00
-0.1997067E+02  0.6374000E-01  0.0000000E+00
-0.1991202E+02  0.6374000E-01  0.0000000E+00
-0.1985337E+02  0.6374000E-01  0.0000000E+00
-0.1979472E+02  0.6374000E-01  0.0000000E+00
-0.1973607E+02  0.6374000E-01  0.0000000E+00
-0.1967742E+02  0.6374000E-01  0.0000000E+00
-0.1961877E+02  0.6374000E-01  0.0000000E+00
-0.1956012E+02  0.6374000E-01  0.0000000E+00
-0.1950147E+02  0.6374000E-01  0.0000000E+00
-0.1944282E+02  0.6374000E-01  0.0000000E+00
-0.1938416E+02  0.6374000E-01  0.0000000E+00
-0.1932551E+02  0.6374000E-01  0.0000000E+00
-0.1926686E+02  0.6374000E-01  0.0000000E+00
-0.1920821E+02  0.6374000E-01  0.0000000E+00
-0.1914956E+02  0.6374000E-01  0.0000000E+00
-0.1909091E+02  0.6374000E-01  0.0000000E+00
-0.1903226E+02  0.6374000E-01  0.0000000E+00
-0.1897361E+02  0.6374000E-01  0.0000000E+00
-0.1891496E+02  0.6374000E-01  0.0000000E+00
-0.1885630E+02  0.6374000E-01  0.0000000E+00
-0.1879765E+02  0.6374000E-01  0.0000000E+00
-0.1873900E+02  0.6374000E-01  0.0000000E+00
-0.1868035E+02  0.6374000E-01  0.0000000E+00
-0.1862170E+02  0.6374000E-01  0.0000000E+00
-0.1856305E+02  0.6374000E-01  0.0000000E+00
-0.1850440E+02  0.6374000E-01  0.0000000E+00
-0.1844575E+02  0.6374000E-01  0.0000000E+00
-0.1838710E+02  0.6374000E-01  0.0000000E+00
-0.1832845E+02  0.6374000E-01  0.0000000E+00
-0.1826979E+02  0.6374000E-01  0.0000000E+00
-0.1821114E+02  0.6374000E-01  0.0000000E+00
-0.1815249E+02  0.6374000E-01  0.0000000E+00
-0.1809384E+02  0.6374000E-01  0.0000000E+00
-0.1803519E+02  0.6374000E-01  0.0000000E+00
-0.1797654E+02  0.6374000E-01  0.0000000E+00
-0.1791789E+02  0.6374000E-01  0.0000000E+00
-0.1785924E+02  0.6374000E-01  0.0000000E+00
-0.1780059E+02  0.6374000E-01  0.0000000E+00
-0.1774194E+02  0.6374000E-01  0.0000000E+00
-0.1768328E+02  0.6374000E-01  0.0000000E+00
-0.1762463E+02  0.6374000E-01  0.0000000E+00
-0.1756598E+02  0.6374000E-01  0.0000000E+00
-0.1750733E+02  0.6374000E-01  0.0000000E+00
-0.1744868E+02  0.6374000E-01  0.0000000E+00
-0.1739003E+02  0.6374000E-01  0.0000000E+00
-0.1733138E+02  0.6374000E-01  0.0000000E+00
-0.1727273E+02  0.6374000E-01  0.0000000E+00
-0.1721408E+02  0.6374000E-01  0.0000000E+00
-0.1715543E+02  0.6374000E-01  0.0000000E+00
-0.1709677E+02  0.6374000E-01  0.0000000E+00
-0.1703812E+02  0.6374000E-01  0.0000000E+00
-0.1697947E+02  0.6374000E-01  0.0000000E+00
-0.1692082E+02  0.6374000E-01  0.0000000E+00
-0.1686217E+02  0.6374000E-01  0.0000000E+00
-0.1680352E+02  0.6374000E-01  0.0000000E+00
-0.1674487E+02  0.6374000E-01  0.0000000E+00
-0.1668622E+02  0.6374000E-01  0.0000000E+00
-0.1662757E+02  0.6374000E-01  0.0000000E+00
-0.1656891E+02  0.6374000E-01  0.0000000E+00
-0.1651026E+02  0.6374000E-01  0.0000000E+00
-0.1645161E+02  0.6374000E-01  0.0000000E+00
-0.1639296E+02  0.6374000E-01  0.0000000E+00
-0.1633431E+02  0.6374000E-01  0.0000000E+00
-0.1627566E+02  0.6374000E-01  0.0000000E+00
-0.1621701E+02  0.6374000E-01  0.0000000E+00
-0.1615836E+02  0.6374000E-01  0.0000000E+00
-0.1609971E+02  0.6374000E-01  0.0000000E+00
-0.1604106E+02  0.6374000E-01  0.0000000E+00
-0.1598240E+02  0.6374000E-01  0.0000000E+00
-0.1592375E+02  0.6374000E-01  0.0000000E+00
-0.1586510E+02  0.6374000E-01  0.0000000E+00
-0.1580645E+02  0.6374000E-01  0.0000000E+00
-0.1574780E+02  0.6374000E-01  0.0000000E+00
-0.1568915E+02  0.6374000E-01  0.0000000E+00
-0.1563050E+02  0.6374000E-01  0.0000000E+00
-0.1557185E+02  0.6374000E-01  0.0000000E+00
-0.1551320E+02  0.6374000E-01  0.0000000E+00
-0.1545455E+02  0.6374000E-01  0.0000000E+00
-0.1539589E+02  0.6374000E-01  0.0000000E+00
-0.1533724E+02  0.6374000E-01  0.0000000E+00
-0.1527859E+02  0.6374000E-01  0.0000000E+00
-0.1521994E+02  0.6374000E-01  0.0000000E+00
-0.1516129E+02  0.6374000E-01  0.0000000E+00
-0.1510264E+02  0.6374000E-01  0.0000000E+00
-0.1504399E+02  0.6374000E-01  0.0000000E+00
-0.1498534E+02  0.6374000E-01  0.0000000E+00
-0.1492669E+02  0.6374000E-01  0.0000000E+00
-0.1486804E+02  0.6374000E-01  0.0000000E+00
-0.1480938E+02  0.6374000E-01  0.0000000E+00
-0.1475073E+02  0.6374000E-01  0.0000000E+00
-0.1469208E+02  0.6374000E-01  0.0000000E+00
-0.1463343E+02  0.6374000E-01  0.0000000E+00
-0.1457478E+02  0.6374000E-01  0.0000000E+00
-0.1451613E+02  0.6374000E-01  0.0000000E+00
-0.1445748E+02  0.6374000E-01  0.0000000E+00
-0.1439883E+02  0.6374000E-01  0.0000000E+00
-0.1434018E+02  0.6374000E-01  0.0000000E+00
-0.1428152E+02  0.6374000E-01  0.0000000E+00
-0.1422287E+02  0.6374000E-01  0.0000000E+00
-0.1416422E+02  0.6374000E-01  0.0000000E+00
-0.1410557E+02  0.6374000E-01  0.0000000E+00
-0.1404692E+02  0.6374000E-01  0.0000000E+00
-0.1398827E+02  0.6374000E-01  0.0000000E+00
-0.1392962E+02  0.6374000E-01  0.0000000E+00
-0.1387097E+02  0.6374000E-01  0.0000000E+00
-0.1381232E+02  0.6374000E-01  0.0000000E+00
-0.1375367E+02  0.6374000E-01  0.0000000E+00
-0.1369501E+02  0.6374000E-01  0.0000000E+00
-0.1363636E+02  0.6374000E-01  0.0000000E+00
-0.1357771E+02  0.6374000E-01  0.0000000E+00
-0.1351906E+02  0.6374000E-01  0.0000000E+00
-0.1346041E+02  0.6374000E-01  0.0000000E+00
-0.1340176E+02  0.6374000E-01  0.0000000E+00
-0.1334311E+02  0.6374000E-01  0.0000000E+00
-0.1328446E+02  0.6374000E-01  0.0000000E+00
-0.1322581E+02  0.6374000E-01  0.0000000E+00
-0.1316716E+02  0.6374000E-01  0.0000000E+00
-0.1310850E+02  0.6374000E-01  0.0000000E+00
-0.1304985E+02  0.6374000E-01  0.0000000E+00
-0.1299120E+02  0.6374000E-01  0.0000000E+00
-0.1293255E+02  0.6374000E-01  0.0000000E+00
-0.1287390E+02  0.6374000E-01  0.0000000E+00
-0.1281525E+02  0.6374000E-01  0.0000000E+00
-0.1275660E+02  0.6374000E-01  0.0000000E+00
-0.1269795E+02  0.6374000E-01  0.0000000E+00
-0.1263930E+02  0.6374000E-01  0.0000000E+00
-0.1258065E+02  0.6374000E-01  0.0000000E+00
-0.1252199E+02  0.6374000E-01  0.0000000E+00
-0.1246334E+02  0.6374000E-01  0.0000000E+00
-0.1240469E+02  0.6374000E-01  0.0000000E+00
-0.1234604E+02  0.6374000E-01  0.0000000E+00
-0.1228739E+02  0.6374000E-01  0.0000000E+00
-0.1222874E+02  0.6374000E-01  0.0000000E+00
-0.1217009E+02  0.6374000E-01  0.0000000E+00
-0.1211144E+02  0.6374000E-01  0.0000000E+00
-0.1205279E+02  0.6374000E-01  0.0000000E+00
-0.1199413E+02  0.6374000E-01  0.0000000E+00
-0.1193548E+02  0.6373999E-01  0.0000000E+00
-0.1187683E+02  0.6373999E-01  0.0000000E+00
-0.1181818E+02  0.6373999E-01  0.0000000E+00
-0.1175953E+02  0.6373999E-01  0.0000000E+00
-0.1170088E+02  0.6373999E-01  0.0000000E+00
-0.1164223E+02  0.6373999E-01  0.0000000E+00
-0.1158358E+02  0.6373999E-01  0.0000000E+00
-0.1152493E+02  0.6373999E-01  0.0000000E+00
-0.1146628E+02  0.6373999E-01  0.0000000E+00
-0.1140762E+02  0.6373999E-01  0.0000000E+00
-0.1134897E+02  0.6373999E-01  0.0000000E+00
-0.1129032E+02  0.6373999E-01  0.0000000E+00
-0.1123167E+02  0.6373999E-01  0.0000000E+00
-0.1117302E+02  0.6373998E-01  0.0000000E+00
-0.1111437E+02  0.6373998E-01  0.0000000E+00
-0.1105572E+02  0.6373998E-01  0.0000000E+00
-0.1099707E+02  0.6373998E-01  0.0000000E+00
-0.1093842E+02  0.6373998E-01  0.0000000E+00
-0.1087977E+02  0.6373997E-01  0.0000000E+00
-0.1082111E+02  0.6373997E-01  0.0000000E+00
-0.1076246E+02  0.6373997E-01  0.0000000E+00
-0.1070381E+02  0.6373997E-01  0.0000000E+00
-0.1064516E+02  0.6373996E-01  0.0000000E+00
-0.1058651E+02  0.6373996E-01  0.0000000E+00
-0.1052786E+02  0.6373996E-01  0.0000000E+00
-0.1046921E+02  0.6373995E-01  0.0000000E+00
-0.1041056E+02  0.6373995E-01  0.0000000E+00
-0.1035191E+02  0.6373994E-01  0.0000000E+00
-0.1029326E+02  0.6373994E-01  0.0000000E+00
-0.1023460E+02  0.6373993E-01  0.0000000E+00
-0.1017595E+02  0.6373993E-01  0.0000000E+00
-0.1011730E+02  0.6373992E-01  0.0000000E+00
-0.1005865E+02  0.6373991E-01  0.0000000E+00
-0.1000000E+02  0.6373991E-01  0.0000000E+00
-0.9941349E+01  0.6373990E-01  0.0000000E+00
-0.9882698E+01  0.6373989E-01  0.0000000E+00
-0.9824047E+01  0.6373988E-01  0.0000000E+00
-0.9765396E+01  0.6373987E-01  0.0000000E+00
-0.9706745E+01  0.6373985E-01  0.0000000E+00
-0.9648094E+01  0.6373984E-01  0.0000000E+00
-0.9589443E+01  0.6373983E-01  0.0000000E+00
-0.9530792E+01  0.6373981E-01  0.0000000E+00
-0.9472141E+01  0.6373979E-01  0.0000000E+00
-0.9413490E+01  0.6373977E-01  0.0000000E+00
-0.9354839E+01  0.6373975E-01  0.0000000E+00
-0.9296188E+01  0.6373973E-01  0.0000000E+00
-0.9237537E+01  0.6373971E-01  0.0000000E+00
-0.9178886E+01  0.6373968E-01  0.0000000E+00
-0.9120235E+01  0.6373965E-01  0.0000000E+00
-0.9061584E+01  0.6373962E-01  0.0000000E+00
-0.9002933E+01  0.6373958E-01  0.0000000E+00
-0.8944282E+01  0.6373954E-01  0.0000000E+00
-0.8885630E+01  0.6373950E-01  0.0000000E+00
-0.8826979E+01  0.6373945E-01  0.0000000E+00
-0.8768328E+01  0.6373940E-01  0.0000000E+00
-0.8709677E+01  0.6373935E-01  0.0000000E+00
-0.8651026E+01  0.6373929E-01  0.0000000E+00
-0.8592375E+01  0.6373922E-01  0.0000000E+00
-0.8533724E+01  0.6373915E-01  0.0000000E+00
-0.8475073E+01  0.6373907E-01  0.0000000E+00
-0.8416422E+01  0.6373899E-01  0.0000000E+00
-0.8357771E+01  0.6373890E-01  0.0000000E+00
-0.8299120E+01  0.6373880E-01  0.0000000E+00
-0.8240469E+01  0.6373868E-01  0.0000000E+00
-0.8181818E+01  0.6373856E-01  0.0000000E+00
-0.8123167E+01  0.6373843E-01  0.0000000E+00
-0.8064516E+01  0.6373829E-01  0.0000000E+00
-0.8005865E+01  0.6373813E-01  0.0000000E+00
-0.7947214E+01  0.6373796E-01  0.0000000E+00
-0.7888563E+01  0.6373777E-01  0.0000000E+00
-0.7829912E+01  0.6373756E-01  0.0000000E+00
-0.7771261E+01  0.6373734E-01  0.0000000E+00
-0.7712610E+01  0.6373710E-01  0.0000000E+00
-0.7653959E+01  0.6373683E-01  0.0000000E+00
-0.7595308E+01  0.6373654E-01  0.0000000E+00
-0.7536657E+01  0.6373622E-01  0.0000000E+00
-0.7478006E+01  0.6373587E-01  0.0000000E+00
-0.7419355E+01  0.6373549E-01  0.0000000E+00
-0.7360704E+01  0.6373508E-01  0.0000000E+00
-0.7302053E+01  0.6373462E-01  0.0000000E+00
-0.7243402E+01  0.6373413E-01  0.0000000E+00
-0.7184751E+01  0.6373359E-01  0.0000000E+00
-0.7126100E+01  0.6373300E-01  0.0000000E+00
-0.7067449E+01  0.6373236E-01  0.0000000E+00
-0.7008798E+01  0.6373165E-01  0.0000000E+00
-0.6950147E+01  0.6373089E-01  0.0000000E+00
-0.6891496E+01  0.6373005E-01  0.0000000E+00
-0.6832845E+01  0.6372913E-01  0.0000000E+00
-0.6774194E+01  0.6372813E-01  0.0000000E+00
-0.6715543E+01  0.6372704E-01  0.0000000E+00
-0.6656891E+01  0.6372585E-01  0.0000000E+00
-0.6598240E+01  0.6372455E-01  0.0000000E+00
-0.6539589E+01  0.6372313E-01  0.0000000E+00
-0.6480938E+01  0.6372158E-01  0.0000000E+00
-0.6422287E+01  0.6371988E-01  0.0000000E+00
-0.6363636E+01  0.6371803E-01  0.0000000E+00
-0.6304985E+01  0.6371601E-01  0.0000000E+00
-0.6246334E+01  0.6371381E-01  0.0000000E+00
-0.6187683E+01  0.6371140E-01  0.0000000E+00
-0.6129032E+01  0.6370877E-01  0.0000000E+00
-0.6070381E+01  0.6370590E-01  0.0000000E+00
-0.6011730E+01  0.6370277E-01  0.0000000E+00
-0.5953079E+01  0.6369934E-01  0.0000000E+00
-0.5894428E+01  0.6369560E-01  0.0000000E+00
-0.5835777E+01  0.6369152E-01  0.0000000E+00
-0.5777126E+01  0.6368707E-01  0.0000000E+00
-0.5718475E+01  0.6368220E-01  0.0000000E+00
-0.5659824E+01  0.6367689E-01  0.0000000E+00
-0.5601173E+01  0.6367108E-01  0.0000000E+00
-0.5542522E+01  0.6366475E-01  0.0000000E+00
-0.5483871E+01  0.6365783E-01  0.0000000E+00
-0.5425220E+01  0.6365028E-01  0.0000000E+00
-0.5366569E+01  0.6364203E-01  0.0000000E+00
-0.5307918E+01  0.6363303E-01  0.0000000E+00
-0.5249267E+01  0.6362320E-01  0.0000000E+00
-0.5190616E+01  0.6361247E-01  0.0000000E+00
-0.5131965E+01  0.6360075E-01  0.0000000E+00
-0.5073314E+01  0.6358795E-01  0.0000000E+00
-0.5014663E+01  0.6357398E-01  0.0000000E+00
-0.4956012E+01  0.6355873E-01  0.0000000E+00
-0.4897361E+01  0.6354208E-01  0.0000000E+00
-0.4838710E+01  0.6352391E-01  0.0000000E+00
-0.4780059E+01  0.6350406E-01  0.0000000E+00
-0.4721408E+01  0.6348240E-01  0.0000000E+00
-0.4662757E+01  0.6345874E-01  0.0000000E+00
-0.4604106E+01  0.6343293E-01  0.0000000E+00
-0.4545455E+01  0.6340474E-01  0.0000000E+00
-0.4486804E+01  0.6337398E-01  0.0000000E+00
-0.4428152E+01  0.6334040E-01  0.0000000E+00
-0.4369501E+01  0.6330374E-01  0.0000000E+00
-0.4310850E+01  0.6326374E-01  0.0000000E+00
-0.4252199E+01  0.6322007E-01  0.0000000E+00
-0.4193548E+01  0.6317242E-01  0.0000000E+00
-0.4134897E+01  0.6312041E-01  0.0000000E+00
-0.4076246E+01  0.6306366E-01  0.0000000E+00
-0.4017595E+01  0.6300173E-01  0.0000000E+00
-0.3958944E+01  0.6293416E-01  0.0000000E+00
-0.3900293E+01  0.6286043E-01  0.0000000E+00
-0.3841642E+01  0.6278000E-01  0.0000000E+00
-0.3782991E+01  0.6269226E-01  0.0000000E+00
-0.3724340E+01  0.6259656E-01  0.0000000E+00
-0.3665689E+01  0.6249218E-01  0.0000000E+00
-0.3607038E+01  0.6237835E-01  0.0000000E+00
-0.3548387E+01  0.6225422E-01  0.0000000E+00
-0.3489736E+01  0.6211889E-01  0.0000000E+00
-0.3431085E+01  0.6197136E-01  0.0000000E+00
-0.3372434E+01  0.6181056E-01  0.0000000E+00
-0.3313783E+01  0.6163533E-01  0.0000000E+00
-0.3255132E+01  0.6144440E-01  0.0000000E+00
-0.3196481E+01  0.6123641E-01  0.0000000E+00
-0.3137830E+01  0.6100989E-01  0.0000000E+00
-0.3079179E+01  0.6076324E-01  0.0000000E+00
-0.3020528E+01  0.6049474E-01  0.0000000E+00
-0.2961877E+01  0.6020255E-01  0.0000000E+00
-0.2903226E+01  0.5988466E-01  0.0000000E+00
-0.2844575E+01  0.5953894E-01  0.0000000E+00
-0.2785924E+01  0.5916309E-01  0.0000000E+00
-0.2727273E+01  0.5875464E-01  0.0000000E+00
-0.2668622E+01  0.5831097E-01  0.0000000E+00
-0.2609971E+01  0.5782926E-01  0.0000000E+00
-0.2551320E+01  0.5730652E-01  0.0000000E+00
-0.2492669E+01  0.5673959E-01  0.0000000E+00
-0.2434018E+01  0.5612509E-01  0.0000000E+00
-0.2375367E+01  0.5545950E-01  0.0000000E+00
-0.2316716E+01  0.5473908E-01  0.0000000E+00
-0.2258065E+01  0.5395995E-01  0.0000000E+00
-0.2199413E+01  0.5311803E-01  0.0000000E+00
-0.2140762E+01  0.5220912E-01  0.0000000E+00
-0.2082111E+01  0.5122891E-01  0.0000000E+00
-0.2023460E+01  0.5017296E-01  0.0000000E+00
-0.1964809E+01  0.4903680E-01  0.0000000E+00
-0.1906158E+01  0.4781592E-01  0.0000000E+00
-0.1847507E+01  0.4650589E-01  0.0000000E+00
-0.1788856E+01  0.4510234E-01  0.0000000E+00
-0.1730205E+01  0.4360113E-01  0.0000000E+00
-0.1671554E+01  0.4199836E-01  0.0000000E+00
-0.1612903E+01  0.4029051E-01  0.0000000E+00
-0.1554252E+01  0.3847456E-01  0.0000000E+00
-0.1495601E+01  0.3654810E-01  0.0000000E+00
-0.1436950E+01  0.3450948E-01  0.0000000E+00
-0.1378299E+01  0.3235796E-01  0.0000000E+00
-0.1319648E+01  0.3009385E-01  0.0000000E+00
-0.1260997E+01  0.2771871E-01  0.0000000E+00
-0.1202346E+01  0.2523548E-01  0.0000000E+00
-0.1143695E+01  0.2264868E-01  0.0000000E+00
-0.1085044E+01  0.1996452E-01  0.0000000E+00
-0.1026393E+01  0.1719104E-01  0.0000000E+00
-0.9677419E+00  0.1433826E-01  0.0000000E+00
-0.9090909E+00  0.1141819E-01  0.0000000E+00
-0.8504399E+00  0.8444908E-02  0.0000000E+00
-0.7917889E+00  0.5434487E-02  0.0000000E+00
-0.7331378E+00  0.2404946E-02  0.0000000E+00
-0.6744868E+00 -0.6239295E-03  0.0000000E+00
-0.6158358E+00 -0.3630812E-02  0.0000000E+00
-0.5571848E+00 -0.6593139E-02  0.0000000E+00
-0.4985337E+00 -0.9487487E-02  0.0000000E+00
-0.4398827E+00 -0.1229002E-01  0.0000000E+00
-0.3812317E+00 -0.1497696E-01  0.0000000E+00
-0.3225806E+00 -0.1752519E-01  0.0000000E+00
-0.2639296E+00 -0.1991270E-01  0.0000000E+00
-0.2052786E+00 -0.2211925E-01  0.0000000E+00
-0.1466276E+00 -0.2412682E-01  0.0000000E+00
-0.8797654E-01 -0.2592011E-01  0.0000000E+00
-0.2932551E-01 -0.2748693E-01  0.0000000E+00
 0.2932551E-01 -0.2881853E-01  0.0000000E+00
 0.8797654E-01 -0.2990975E-01  0.0000000E+00
 0.1466276E+00 -0.3075916E-01  0.0000000E+00
 0.2052786E+00 -0.3136896E-01  0.0000000E+00
 0.2639296E+00 -0.3174486E-01  0.0000000E+00
 0.3225806E+00 -0.3189581E-01  0.0000000E+00
 0.3812317E+00 -0.3183363E-01  0.0000000E+00
 0.4398827E+00 -0.3157262E-01  0.0000000E+00
 0.4985337E+00 -0.3112904E-01  0.0000000E+00
 0.5571848E+00 -0.3052067E-01  0.0000000E+00
 0.6158358E+00 -0.2976625E-01  0.0000000E+00
 0.6744868E+00 -0.2888506E-01  0.0000000E+00
 0.7331378E+00 -0.2789640E-01  0.0000000E+00
 0.7917889E+00 -0.2681925E-01  0.0000000E+00
 0.8504399E+00 -0.2567187E-01  0.0000000E+00
 0.9090909E+00 -0.2447158E-01  0.0000000E+00
 0.9677419E+00 -0.2323446E-01  0.0000000E+00
 0.1026393E+01 -0.2197525E-01  0.0000000E+00
 0.1085044E+01 -0.2070723E-01  0.0000000E+00
 0.1143695E+01 -0.1944217E-01  0.0000000E+00
 0.1202346E+01 -0.1819031E-01  0.0000000E+00
 0.1260997E+01 -0.1696044E-01  0.0000000E+00
 0.1319648E+01 -0.1575990E-01  0.0000000E+00
 0.1378299E+01 -0.1459470E-01  0.0000000E+00
 0.1436950E+01 -0.1346965E-01  0.0000000E+00
 0.1495601E+01 -0.1238839E-01  0.0000000E+00
 0.1554252E+01 -0.1135361E-01  0.0000000E+00
 0.1612903E+01 -0.1036708E-01  0.0000000E+00
 0.1671554E+01 -0.9429814E-02  0.0000000E+00
 0.1730205E+01 -0.8542149E-02  0.0000000E+00
 0.1788856E+01 -0.7703878E-02  0.0000000E+00
 0.1847507E+01 -0.6914325E-02  0.0000000E+00
 0.1906158E+01 -0.6172434E-02  0.0000000E+00
 0.1964809E+01 -0.5476848E-02  0.0000000E+00
 0.2023460E+01 -0.4825978E-02  0.0000000E+00
 0.2082111E+01 -0.4218057E-02  0.0000000E+00
 0.2140762E+01 -0.3651198E-02  0.0000000E+00
 0.2199413E+01 -0.3123432E-02  0.0000000E+00
 0.2258065E+01 -0.2632747E-02  0.0000000E+00
 0.2316716E+01 -0.2177121E-02  0.0000000E+00
 0.2375367E+01 -0.1754542E-02  0.0000000E+00
 0.2434018E+01 -0.1363032E-02  0.0000000E+00
 0.2492669E+01 -0.1000662E-02  0.0000000E+00
 0.2551320E+01 -0.6655624E-03  0.0000000E+00
 0.2609971E+01 -0.3559359E-03  0.0000000E+00
 0.2668622E+01 -0.7006063E-04  0.0000000E+00
 0.2727273E+01  0.1937039E-03  0.0000000E+00
 0.2785924E+01  0.4369146E-03  0.0000000E+00
 0.2844575E+01  0.6610438E-03  0.0000000E+00
 0.2903226E+01  0.8674796E-03  0.0000000E+00
 0.2961877E+01  0.1057527E-02  0.0000000E+00
 0.3020528E+01  0.1232409E-02  0.0000000E+00
 0.3079179E+01  0.1393271E-02  0.0000000E+00
 0.3137830E+01  0.1541182E-02  0.0000000E+00
 0.3196481E+01  0.1677139E-02  0.0000000E+00
 0.3255132E+01  0.1802068E-02  0.0000000E+00
 0.3313783E+01  0.1916831E-02  0.0000000E+00
 0.3372434E+01  0.2022229E-02  0.0000000E+00
 0.3431085E+01  0.2119001E-02  0.0000000E+00
 0.3489736E+01  0.2207835E-02  0.0000000E+00
 0.3548387E+01  0.2289366E-02  0.0000000E+00
 0.3607038E+01  0.2364179E-02  0.0000000E+00
 0.3665689E+01  0.2432818E-02  0.0000000E+00
 0.3724340E+01  0.2495781E-02  0.0000000E+00
 0.3782991E+01  0.2553531E-02  0.0000000E+00
 0.3841642E+01  0.2606491E-02  0.0000000E+00
 0.3900293E+01  0.2655053E-02  0.0000000E+00
 0.3958944E+01  0.2699579E-02  0.0000000E+00
 0.4017595E+01  0.2740398E-02  0.0000000E+00
 0.4076246E+01  0.2777817E-02  0.0000000E+00
 0.4134897E+01  0.2812115E-02  0.0000000E+00
 0.4193548E+01  0.2843551E-02  0.0000000E+00
 0.4252199E+01  0.2872361E-02  0.0000000E+00
 0.4310850E+01  0.2898764E-02  0.0000000E+00
 0.4369501E+01  0.2922958E-02  0.0000000E+00
 0.4428152E+01  0.2945128E-02  0.0000000E+00
 0.4486804E+01  0.2965441E-02  0.0000000E+00
 0.4545455E+01  0.2984053E-02  0.0000000E+00
 0.4604106E+01  0.3001105E-02  0.0000000E+00
 0.4662757E+01  0.3016727E-02  0.0000000E+00
 0.4721408E+01  0.3031039E-02  0.0000000E+00
 0.4780059E+01  0.3044150E-02  0.0000000E+00
 0.4838710E+01  0.3056161E-02  0.0000000E+00
 0.4897361E+01  0.3067163E-02  0.0000000E+00
 0.4956012E+01  0.3077242E-02  0.0000000E+00
 0.5014663E+01  0.3086474E-02  0.0000000E+00
 0.5073314E+01  0.3094930E-02  0.0000000E+00
 0.5131965E+01  0.3102676E-02  0.0000000E+00
 0.5190616E+01  0.3109771E-02  0.0000000E+00
 0.5249267E+01  0.3116269E-02  0.0000000E+00
 0.5307918E+01  0.3122221E-02  0.0000000E+00
 0.5366569E+01  0.3127672E-02  0.0000000E+00
 0.5425220E+01  0.3132665E-02  0.0000000E+00
 0.5483871E+01  0.3137239E-02  0.0000000E+00
 0.5542522E+01  0.3141427E-02  0.0000000E+00
 0.5601173E+01  0.3145263E-02  0.0000000E+00
 0.5659824E+01  0.3148776E-02  0.0000000E+00
 0.5718475E+01  0.3151994E-02  0.0000000E+00
 0.5777126E+01  0.3154941E-02  0.0000000E+00
 0.5835777E+01  0.3157640E-02  0.0000000E+00
 0.5894428E+01  0.3160112E-02  0.0000000E+00
 0.5953079E+01  0.3162375E-02  0.0000000E+00
 0.6011730E+01  0.3164449E-02  0.0000000E+00
 0.6070381E+01  0.3166347E-02  0.0000000E+00
 0.6129032E+01  0.3168086E-02  0.0000000E+00
 0.6187683E+01  0.3169679E-02  0.0000000E+00
 0.6246334E+01  0.3171137E-02  0.0000000E+00
 0.6304985E+01  0.3172473E-02  0.0000000E+00
 0.6363636E+01  0.3173696E-02  0.0000000E+00
 0.6422287E+01  0.3174816E-02  0.0000000E+00
 0.6480938E+01  0.3175842E-02  0.0000000E+00
 0.6539589E+01  0.3176782E-02  0.0000000E+00
 0.6598240E+01  0.3177642E-02  0.0000000E+00
 0.6656891E+01  0.3178430E-02  0.0000000E+00
 0.6715543E+01  0.3179152E-02  0.0000000E+00
 0.6774194E+01  0.3179813E-02  0.0000000E+00
 0.6832845E+01  0.3180418E-02  0.0000000E+00
 0.6891496E+01  0.3180972E-02  0.0000000E+00
 0.6950147E+01  0.3181480E-02  0.0000000E+00
 0.7008798E+01  0.3181945E-02  0.0000000E+00
 0.7067449E+01  0.3182371E-02  0.0000000E+00
 0.7126100E+01  0.3182760E-02  0.0000000E+00
 0.7184751E+01  0.3183117E-02  0.0000000E+00
 0.7243402E+01  0.3183444E-02  0.0000000E+00
 0.7302053E+01  0.3183744E-02  0.0000000E+00
 0.7360704E+01  0.3184018E-02  0.0000000E+00
 0.7419355E+01  0.3184269E-02  0.0000000E+00
 0.7478006E+01  0.3184499E-02  0.0000000E+00
 0.7536657E+01  0.3184710E-02  0.0000000E+00
 0.7595308E+01  0.3184903E-02  0.0000000E+00
 0.7653959E+01  0.3185079E-02  0.0000000E+00
 0.7712610E+01  0.3185241E-02  0.0000000E+00
 0.7771261E+01  0.3185389E-02  0.0000000E+00
 0.7829912E+01  0.3185525E-02  0.0000000E+00
 0.7888563E+01  0.3185649E-02  0.0000000E+00
 0.7947214E+01  0.3185763E-02  0.0000000E+00
 0.8005865E+01  0.3185867E-02  0.0000000E+00
 0.8064516E+01  0.3185962E-02  0.0000000E+00
 0.8123167E+01  0.3186050E-02  0.0000000E+00
 0.8181818E+01  0.3186130E-02  0.0000000E+00
 0.8240469E+01  0.3186203E-02  0.0000000E+00
 0.8299120E+01  0.3186270E-02  0.0000000E+00
 0.8357771E+01  0.3186332E-02  0.0000000E+00
 0.8416422E+01  0.3186388E-02  0.0000000E+00
 0.8475073E+01  0.3186440E-02  0.0000000E+00
 0.8533724E+01  0.3186487E-02  0.0000000E+00
 0.8592375E+01  0.3186530E-02  0.0000000E+00
 0.8651026E+01  0.3186570E-02  0.0000000E+00
 0.8709677E+01  0.3186606E-02  0.0000000E+00
 0.8768328E+01  0.3186639E-02  0.0000000E+00
 0.8826979E+01  0.3186669E-02  0.0000000E+00
 0.8885630E+01  0.3186697E-02  0.0000000E+00
 0.8944282E+01  0.3186723E-02  0.0000000E+00
 0.9002933E+01  0.3186746E-02  0.0000000E+00
 0.9061584E+01  0.3186767E-02  0.0000000E+00
 0.9120235E+01  0.3186787E-02  0.0000000E+00
 0.9178886E+01  0.3186805E-02  0.0000000E+00
 0.9237537E+01  0.3186821E-02  0.0000000E+00
 0.9296188E+01  0.3186836E-02  0.0000000E+00
 0.9354839E+01  0.3186850E-02  0.0000000E+00
 0.9413490E+01  0.3186863E-02  0.0000000E+00
 0.9472141E+01  0.3186874E-02  0.0000000E+00
 0.9530792E+01  0.3186885E-02  0.0000000E+00
 0.9589443E+01  0.3186895E-02  0.0000000E+00
 0.9648094E+01  0.3186904E-02  0.0000000E+00
 0.9706745E+01  0.3186912E-02  0.0000000E+00
 0.9765396E+01  0.3186919E-02  0.0000000E+00
 0.9824047E+01  0.3186926E-02  0.0000000E+00
 0.9882698E+01  0.3186932E-02  0.0000000E+00
 0.9941349E+01  0.3186938E-02  0.0000000E+00
 0.1000000E+02  0.3186943E-02  0.0000000E+00
 0.1005865E+02  0.3186948E-02  0.0000000E+00
 0.1011730E+02  0.3186952E-02  0.0000000E+00
 0.1017595E+02  0.3186956E-02  0.0000000E+00
 0.1023460E+02  0.3186960E-02  0.0000000E+00
 0.1029326E+02  0.3186963E-02  0.0000000E+00
 0.1035191E+02  0.3186966E-02  0.0000000E+00
 0.1041056E+02  0.3186969E-02  0.0000000E+00
 0.1046921E+02  0.3186972E-02  0.0000000E+00
 0.1052786E+02  0.3186974E-02  0.0000000E+00
 0.1058651E+02  0.3186976E-02  0.0000000E+00
 0.1064516E+02  0.3186978E-02  0.0000000E+00
 0.1070381E+02  0.3186980E-02  0.0000000E+00
 0.1076246E+02  0.3186982E-02  0.0000000E+00
 0.1082111E+02  0.3186983E-02  0.0000000E+00
 0.1087977E+02  0.3186985E-02  0.0000000E+00
 0.1093842E+02  0.3186986E-02  0.0000000E+00
 0.1099707E+02  0.3186987E-02  0.0000000E+00
 0.1105572E+02  0.3186988E-02  0.0000000E+00
 0.1111437E+02  0.3186989E-02  0.0000000E+00
 0.1117302E+02  0.3186990E-02  0.0000000E+00
 0.1123167E+02  0.3186991E-02  0.0000000E+00
 0.1129032E+02  0.3186992E-02  0.0000000E+00
 0.1134897E+02  0.3186992E-02  0.0000000E+00
 0.1140762E+02  0.3186993E-02  0.0000000E+00
 0.1146628E+02  0.3186994E-02  0.0000000E+00
 0.1152493E+02  0.3186994E-02  0.0000000E+00
 0.1158358E+02  0.3186995E-02  0.0000000E+00
 0.1164223E+02  0.3186995E-02  0.0000000E+00
 0.1170088E+02  0.3186996E-02  0.0000000E+00
 0.1175953E+02  0.3186996E-02  0.0000000E+00
 0.1181818E+02  0.3186996E-02  0.0000000E+00
 0.1187683E+02  0.3186997E-02  0.0000000E+00
 0.1193548E+02  0.3186997E-02  0.0000000E+00
 0.1199413E+02  0.3186997E-02  0.0000000E+00
 0.1205279E+02  0.3186997E-02  0.0000000E+00
 0.1211144E+02  0.3186998E-02  0.0000000E+00
 0.1217009E+02  0.3186998E-02  0.0000000E+00
 0.1222874E+02  0.3186998E-02  0.0000000E+00
 0.1228739E+02  0.3186998E-02  0.0000000E+00
 0.1234604E+02  0.3186998E-02  0.0000000E+00
 0.1240469E+02  0.3186998E-02  0.0000000E+00
 0.1246334E+02  0.3186999E-02  0.0000000E+00
 0.1252199E+02  0.3186999E-02  0.0000000E+00
 0.1258065E+02  0.3186999E-02  0.0000000E+00
 0.1263930E+02  0.3186999E-02  0.0000000E+00
 0.1269795E+02  0.3186999E-02  0.0000000E+00
 0.1275660E+02  0.3186999E-02  0.0000000E+00
 0.1281525E+02  0.3186999E-02  0.0000000E+00
 0.1287390E+02  0.3186999E-02  0.0000000E+00
 0.1293255E+02  0.3186999E-02  0.0000000E+00
 0.1299120E+02  0.3186999E-02  0.0000000E+00
 0.1304985E+02  0.3186999E-02  0.0000000E+00
 0.1310850E+02  0.3186999E-02  0.0000000E+00
 0.1316716E+02  0.3187000E-02  0.0000000E+00
 0.1322581E+02  0.3187000E-02  0.0000000E+00
 0.1328446E+02  0.3187000E-02  0.0000000E+00
 0.1334311E+02  0.3187000E-02  0.0000000E+00
 0.1340176E+02  0.3187000E-02  0.0000000E+00
 0.1346041E+02  0.3187000E-02  0.0000000E+00
 0.1351906E+02  0.3187000E-02  0.0000000E+00
 0.1357771E+02  0.3187000E-02  0.0000000E+00
 0.1363636E+02  0.3187000E-02  0.0000000E+00
 0.1369501E+02  0.3187000E-02  0.0000000E+00
 0.1375367E+02  0.3187000E-02  0.0000000E+00
 0.1381232E+02  0.3187000E-02  0.0000000E+00
 0.1387097E+02  0.3187000E-02  0.0000000E+00
 0.1392962E+02  0.3187000E-02  0.0000000E+00
 0.1398827E+02  0.3187000E-02  0.0000000E+00
 0.1404692E+02  0.3187000E-02  0.0000000E+00
 0.1410557E+02  0.3187000E-02  0.0000000E+00
 0.1416422E+02  0.3187000E-02  0.0000000E+00
 0.1422287E+02  0.3187000E-02  0.0000000E+00
 0.1428152E+02  0.3187000E-02  0.0000000E+00
 0.1434018E+02  0.3187000E-02  0.0000000E+00
 0.1439883E+02  0.3187000E-02  0.0000000E+00
 0.1445748E+02  0.3187000E-02  0.0000000E+00
 0.1451613E+02  0.3187000E-02  0.0000000E+00
 0.1457478E+02  0.3187000E-02  0.0000000E+00
 0.1463343E+02  0.3187000E-02  0.0000000E+00
 0.1469208E+02  0.3187000E-02  0.0000000E+00
 0.1475073E+02  0.3187000E-02  0.0000000E+00
 0.1480938E+02  0.3187000E-02  0.0000000E+00
 0.1486804E+02  0.3187000E-02  0.0000000E+00
 0.1492669E+02  0.3187000E-02  0.0000000E+00
 0.1498534E+02  0.3187000E-02  0.0000000E+00
 0.1504399E+02  0.3187000E-02  0.0000000E+00
 0.1510264E+02  0.3187000E-02  0.0000000E+00
 0.1516129E+02  0.3187000E-02  0.0000000E+00
 0.1521994E+02  0.3187000E-02  0.0000000E+00
 0.1527859E+02  0.3187000E-02  0.0000000E+00
 0.1533724E+02  0.3187000E-02  0.0000000E+00
 0.1539589E+02  0.3187000E-02  0.0000000E+00
 0.1545455E+02  0.3187000E-02  0.0000000E+00
 0.1551320E+02  0.3187000E-02  0.0000000E+00
 0.1557185E+02  0.3187000E-02  0.0000000E+00
 0.1563050E+02  0.3187000E-02  0.0000000E+00
 0.1568915E+02  0.3187000E-02  0.0000000E+00
 0.1574780E+02  0.3187000E-02  0.0000000E+00
 0.1580645E+02  0.3187000E-02  0.0000000E+00
 0.1586510E+02  0.3187000E-02  0.0000000E+00
 0.1592375E+02  0.3187000E-02  0.0000000E+00
 0.1598240E+02  0.3187000E-02  0.0000000E+00
 0.1604106E+02  0.3187000E-02  0.0000000E+00
 0.1609971E+02  0.3187000E-02  0.0000000E+00
 0.1615836E+02  0.3187000E-02  0.0000000E+00
 0.1621701E+02  0.3187000E-02  0.0000000E+00
 0.1627566E+02  0.3187000E-02  0.0000000E+00
 0.1633431E+02  0.3187000E-02  0.0000000E+00
 0.1639296E+02  0.3187000E-02  0.0000000E+00
 0.1645161E+02  0.3187000E-02  0.0000000E+00
 0.1651026E+02  0.3187000E-02  0.0000000E+00
 0.1656891E+02  0.3187000E-02  0.0000000E+00
 0.1662757E+02  0.3187000E-02  0.0000000E+00
 0.1668622E+02  0.3187000E-02  0.0000000E+00
 0.1674487E+02  0.3187000E-02  0.0000000E+00
 0.1680352E+02  0.3187000E-02  0.0000000E+00
 0.1686217E+02  0.3187000E-02  0.0000000E+00
 0.1692082E+02  0.3187000E-02  0.0000000E+00
 0.1697947E+02  0.3187000E-02  0.0000000E+00
 0.1703812E+02  0.3187000E-02  0.0000000E+00
 0.1709677E+02  0.3187000E-02  0.0000000E+00
 0.1715543E+02  0.3187000E-02  0.0000000E+00
 0.1721408E+02  0.3187000E-02  0.0000000E+00
 0.1727273E+02  0.3187000E-02  0.0000000E+00
 0.1733138E+02  0.3187000E-02  0.0000000E+00
 0.1739003E+02  0.3187000E-02  0.0000000E+00
 0.1744868E+02  0.3187000E-02  0.0000000E+00
 0.1750733E+02  0.3187000E-02  0.0000000E+00
 0.1756598E+02  0.3187000E-02  0.0000000E+00
 0.1762463E+02  0.3187000E-02  0.0000000E+00
 0.1768328E+02  0.3187000E-02  0.0000000E+00
 0.1774194E+02  0.3187000E-02  0.0000000E+00
 0.1780059E+02  0.3187000E-02  0.0000000E+00
 0.1785924E+02  0.3187000E-02  0.0000000E+00
 0.1791789E+02  0.3187000E-02  0.0000000E+00
 0.1797654E+02  0.3187000E-02  0.0000000E+00
 0.1803519E+02  0.3187000E-02  0.0000000E+00
 0.1809384E+02  0.3187000E-02  0.0000000E+00
 0.1815249E+02  0.3187000E-02  0.0000000E+00
 0.1821114E+02  0.3187000E-02  0.0000000E+00
 0.1826979E+02  0.3187000E-02  0.0000000E+00
 0.1832845E+02  0.3187000E-02  0.0000000E+00
 0.1838710E+02  0.3187000E-02  0.0000000E+00
 0.1844575E+02  0.3187000E-02  0.0000000E+00
 0.1850440E+02  0.3187000E-02  0.0000000E+00
 0.1856305E+02  0.3187000E-02  0.0000000E+00
 0.1862170E+02  0.3187000E-02  0.0000000E+00
 0.1868035E+02  0.3187000E-02  0.0000000E+00
 0.1873900E+02  0.3187000E-02  0.0000000E+00
 0.1879765E+02  0.3187000E-02  0.0000000E+00
 0.1885630E+02  0.3187000E-02  0.0000000E+00
 0.1891496E+02  0.3187000E-02  0.0000000E+00
 0.1897361E+02  0.3187000E-02  0.0000000E+00
 0.1903226E+02  0.3187000E-02  0.0000000E+00
 0.1909091E+02  0.3187000E-02  0.0000000E+00
 0.1914956E+02  0.3187000E-02  0.0000000E+00
 0.1920821E+02  0.3187000E-02  0.0000000E+00
 0.1926686E+02  0.3187000E-02  0.0000000E+00
 0.1932551E+02  0.3187000E-02  0.0000000E+00
 0.1938416E+02  0.3187000E-02  0.0000000E+00
 0.1944282E+02  0.3187000E-02  0.0000000E+00
 0.1950147E+02  0.3187000E-02  0.0000000E+00
 0.1956012E+02  0.3187000E-02  0.0000000E+00
 0.1961877E+02  0.3187000E-02  0.0000000E+00
 0.1967742E+02  0.3187000E-02  0.0000000E+00
 0.1973607E+02  0.3187000E-02  0.0000000E+00
 0.1979472E+02  0.3187000E-02  0.0000000E+00
 0.1985337E+02  0.3187000E-02  0.0000000E+00
 0.1991202E+02  0.3187000E-02  0.0000000E+00
 0.1997067E+02  0.3187000E-02  0.0000000E+00
 0.2002933E+02  0.3187000E-02  0.0000000E+00
 0.2008798E+02  0.3187000E-02  0.0000000E+00
 0.2014663E+02  0.3187000E-02  0.0000000E+00
 0.2020528E+02  0.3187000E-02  0.0000000E+00
 0.2026393E+02  0.3187000E-02  0.0000000E+00
 0.2032258E+02  0.3187000E-02  0.0000000E+00
 0.2038123E+02  0.3187000E-02  0.0000000E+00
 0.2043988E+02  0.3187000E-02  0.0000000E+00
 0.2049853E+02  0.3187000E-02  0.0000000E+00
 0.2055718E+02  0.3187000E-02  0.0000000E+00
 0.2061584E+02  0.3187000E-02  0.0000000E+00
 0.2067449E+02  0.3187000E-02  0.0000000E+00
 0.2073314E+02  0.3187000E-02  0.0000000E+00
 0.2079179E+02  0.3187000E-02  0.0000000E+00
 0.2085044E+02  0.3187000E-02  0.0000000E+00
 0.2090909E+02  0.3187000E-02  0.0000000E+00
 0.2096774E+02  0.3187000E-02  0.0000000E+00
 0.2102639E+02  0.3187000E-02  0.0000000E+00
 0.2108504E+02  0.3187000E-02  0.0000000E+00
 0.2114370E+02  0.3187000E-02  0.0000000E+00
 0.2120235E+02  0.3187000E-02  0.0000000E+00
 0.2126100E+02  0.3187000E-02  0.0000000E+00
 0.2131965E+02  0.3187000E-02  0.0000000E+00
 0.2137830E+02  0.3187000E-02  0.0000000E+00
 0.2143695E+02  0.3187000E-02  0.0000000E+00
 0.2149560E+02  0.3187000E-02  0.0000000E+00
 0.2155425E+02  0.3187000E-02  0.0000000E+00
 0.2161290E+02  0.3187000E-02  0.0000000E+00
 0.2167155E+02  0.3187000E-02  0.0000000E+00
 0.2173021E+02  0.3187000E-02  0.0000000E+00
 0.2178886E+02  0.3187000E-02  0.0000000E+00
 0.2184751E+02  0.3187000E-02  0.0000000E+00
 0.2190616E+02  0.3187000E-02  0.0000000E+00
 0.2196481E+02  0.3187000E-02  0.0000000E+00
 0.2202346E+02  0.3187000E-02  0.0000000E+00
 0.2208211E+02  0.3187000E-02  0.0000000E+00
 0.2214076E+02  0.3187000E-02  0.0000000E+00
 0.2219941E+02  0.3187000E-02  0.0000000E+00
 0.2225806E+02  0.3187000E-02  0.0000000E+00
 0.2231672E+02  0.3187000E-02  0.0000000E+00
 0.2237537E+02  0.3187000E-02  0.0000000E+00
 0.2243402E+02  0.3187000E-02  0.0000000E+00
 0.2249267E+02  0.3187000E-02  0.0000000E+00
 0.2255132E+02  0.3187000E-02  0.0000000E+00
 0.2260997E+02  0.3187000E-02  0.0000000E+00
 0.2266862E+02  0.3187000E-02  0.0000000E+00
 0.2272727E+02  0.3187000E-02  0.0000000E+00
 0.2278592E+02  0.3187000E-02  0.0000000E+00
 0.2284457E+02  0.3187000E-02  0.0000000E+00
 0.2290323E+02  0.3187000E-02  0.0000000E+00
 0.2296188E+02  0.3187000E-02  0.0000000E+00
 0.2302053E+02  0.3187000E-02  0.0000000E+00
 0.2307918E+02  0.3187000E-02  0.0000000E+00
 0.2313783E+02  0.3187000E-02  0.0000000E+00
 0.2319648E+02  0.3187000E-02  0.0000000E+00
 0.2325513E+02  0.3187000E-02  0.0000000E+00
 0.2331378E+02  0.3187000E-02  0.0000000E+00
 0.2337243E+02  0.3187000E-02  0.0000000E+00
 0.2343109E+02  0.3187000E-02  0.0000000E+00
 0.2348974E+02  0.3187000E-02  0.0000000E+00
 0.2354839E+02  0.3187000E-02  0.0000000E+00
 0.2360704E+02  0.3187000E-02  0.0000000E+00
 0.2366569E+02  0.3187000E-02  0.0000000E+00
 0.2372434E+02  0.3187000E-02  0.0000000E+00
 0.2378299E+02  0.3187000E-02  0.0000000E+00
 0.2384164E+02  0.3187000E-02  0.0000000E+00
 0.2390029E+02  0.3187000E-02  0.0000000E+00
 0.2395894E+02  0.3187000E-02  0.0000000E+00
 0.2401760E+02  0.3187000E-02  0.0000000E+00
 0.2407625E+02  0.3187000E-02  0.0000000E+00
 0.2413490E+02  0.3187000E-02  0.0000000E+00
 0.2419355E+02  0.3187000E-02  0.0000000E+00
 0.2425220E+02  0.3187000E-02  0.0000000E+00
 0.2431085E+02  0.3187000E-02  0.0000000E+00
 0.2436950E+02  0.3187000E-02  0.0000000E+00
 0.2442815E+02  0.3187000E-02  0.0000000E+00
 0.2448680E+02  0.3187000E-02  0.0000000E+00
 0.2454545E+02  0.3187000E-02  0.0000000E+00
 0.2460411E+02  0.3187000E-02  0.0000000E+00
 0.2466276E+02  0.3187000E-02  0.0000000E+00
 0.2472141E+02  0.3187000E-02  0.0000000E+00
 0.2478006E+02  0.3187000E-02  0.0000000E+00
 0.2483871E+02  0.3187000E-02  0.0000000E+00
 0.2489736E+02  0.3187000E-02  0.0000000E+00
 0.2495601E+02  0.3187000E-02  0.0000000E+00
 0.2501466E+02  0.3187000E-02  0.0000000E+00
 0.2507331E+02  0.3187000E-02  0.0000000E+00
 0.2513196E+02  0.3187000E-02  0.0000000E+00
 0.2519062E+02  0.3187000E-02  0.0000000E+00
 0.2524927E+02  0.3187000E-02  0.0000000E+00
 0.2530792E+02  0.3187000E-02  0.0000000E+00
 0.2536657E+02  0.3187000E-02  0.0000000E+00
 0.2542522E+02  0.3187000E-02  0.0000000E+00
 0.2548387E+02  0.3187000E-02  0.0000000E+00
 0.2554252E+02  0.3187000E-02  0.0000000E+00
 0.2560117E+02  0.3187000E-02  0.0000000E+00
 0.2565982E+02  0.3187000E-02  0.0000000E+00
 0.2571848E+02  0.3187000E-02  0.0000000E+00
 0.2577713E+02  0.3187000E-02  0.0000000E+00
 0.2583578E+02  0.3187000E-02  0.0000000E+00
 0.2589443E+02  0.3187000E-02  0.0000000E+00
 0.2595308E+02  0.3187000E-02  0.0000000E+00
 0.2601173E+02  0.3187000E-02  0.0000000E+00
 0.2607038E+02  0.3187000E-02  0.0000000E+00
 0.2612903E+02  0.3187000E-02  0.0000000E+00
 0.2618768E+02  0.3187000E-02  0.0000000E+00
 0.2624633E+02  0.3187000E-02  0.0000000E+00
 0.2630499E+02  0.3187000E-02  0.0000000E+00
 0.2636364E+02  0.3187000E-02  0.0000000E+00
 0.2642229E+02  0.3187000E-02  0.0000000E+00
 0.2648094E+02  0.3187000E-02  0.0000000E+00
 0.2653959E+02  0.3187000E-02  0.0000000E+00
 0.2659824E+02  0.3187000E-02  0.0000000E+00
 0.2665689E+02  0.3187000E-02  0.0000000E+00
 0.2671554E+02  0.3187000E-02  0.0000000E+00
 0.2677419E+02  0.3187000E-02  0.0000000E+00
 0.2683284E+02  0.3187000E-02  0.0000000E+00
 0.2689150E+02  0.3187000E-02  0.0000000E+00
 0.2695015E+02  0.3187000E-02  0.0000000E+00
 0.2700880E+02  0.3187000E-02  0.0000000E+00
 0.2706745E+02  0.3187000E-02  0.0000000E+00
 0.2712610E+02  0.3187000E-02  0.0000000E+00
 0.2718475E+02  0.3187000E-02  0.0000000E+00
 0.2724340E+02  0.3187000E-02  0.0000000E+00
 0.2730205E+02  0.3187000E-02  0.0000000E+00
 0.2736070E+02  0.3187000E-02  0.0000000E+00
 0.2741935E+02  0.3187000E-02  0.0000000E+00
 0.2747801E+02  0.3187000E-02  0.0000000E+00
 0.2753666E+02  0.3187000E-02  0.0000000E+00
 0.2759531E+02  0.3187000E-02  0.0000000E+00
 0.2765396E+02  0.3187000E-02  0.0000000E+00
 0.2771261E+02  0.3187000E-02  0.0000000E+00
 0.2777126E+02  0.3187000E-02  0.0000000E+00
 0.2782991E+02  0.3187000E-02  0.0000000E+00
 0.2788856E+02  0.3187000E-02  0.0000000E+00
 0.2794721E+02  0.3187000E-02  0.0000000E+00
 0.2800587E+02  0.3187000E-02  0.0000000E+00
 0.2806452E+02  0.3187000E-02  0.0000000E+00
 0.2812317E+02  0.3187000E-02  0.0000000E+00
 0.2818182E+02  0.3187000E-02  0.0000000E+00
 0.2824047E+02  0.3187000E-02  0.0000000E+00
 0.2829912E+02  0.3187000E-02  0.0000000E+00
 0.2835777E+02  0.3187000E-02  0.0000000E+00
 0.2841642E+02  0.3187000E-02  0.0000000E+00
 0.2847507E+02  0.3187000E-02  0.0000000E+00
 0.2853372E+02  0.3187000E-02  0.0000000E+00
 0.2859238E+02  0.3187000E-02  0.0000000E+00
 0.2865103E+02  0.3187000E-02  0.0000000E+00
 0.2870968E+02  0.3187000E-02  0.0000000E+00
 0.2876833E+02  0.3187000E-02  0.0000000E+00
 0.2882698E+02  0.3187000E-02  0.0000000E+00
 0.2888563E+02  0.3187000E-02  0.0000000E+00
 0.2894428E+02  0.3187000E-02  0.0000000E+00
 0.2900293E+02  0.3187000E-02  0.0000000E+00
 0.2906158E+02  0.3187000E-02  0.0000000E+00
 0.2912023E+02  0.3187000E-02  0.0000000E+00
 0.2917889E+02  0.3187000E-02  0.0000000E+00
 0.2923754E+02  0.3187000E-02  0.0000000E+00
 0.2929619E+02  0.3187000E-02  0.0000000E+00
 0.2935484E+02  0.3187000E-02  0.0000000E+00
 0.2941349E+02  0.3187000E-02  0.0000000E+00
 0.2947214E+02  0.3187000E-02  0.0000000E+00
 0.2953079E+02  0.3187000E-02  0.0000000E+00
 0.2958944E+02  0.3187000E-02  0.0000000E+00
 0.2964809E+02  0.3187000E-02  0.0000000E+00
 0.2970674E+02  0.3187000E-02  0.0000000E+00
 0.2976540E+02  0.3187000E-02  0.0000000E+00
 0.2982405E+02  0.3187000E-02  0.0000000E+00
 0.2988270E+02  0.3187000E-02  0.0000000E+00
 0.2994135E+02  0.3187000E-02  0.0000000E+00
 0.3000000E+02  0.3187000E-02  0.0000000E+00
