-0.2000000E+02  0.1376791E-21  0.0000000E+00
-0.1998046E+02  0.1452084E-21  0.0000000E+00
-0.1996092E+02  0.1531495E-21  0.0000000E+00
-0.1994138E+02  0.1615249E-21  0.0000000E+00
-0.1992184E+02  0.1703584E-21  0.0000000E+00
-0.1990230E+02  0.1796749E-21  0.0000000E+00
-0.1988276E+02  0.1895009E-21  0.0000000E+00
-0.1986321E+02  0.1998643E-21  0.0000000E+00
-0.1984367E+02  0.2107944E-21  0.0000000E+00
-0.1982413E+02  0.2223223E-21  0.0000000E+00
-0.1980459E+02  0.2344806E-21  0.0000000E+00
-0.1978505E+02  0.2473038E-21  0.0000000E+00
-0.1976551E+02  0.2608283E-21  0.0000000E+00
-0.1974597E+02  0.2750924E-21  0.0000000E+00
-0.1972643E+02  0.2901366E-21  0.0000000E+00
-0.1970689E+02  0.3060035E-21  0.0000000E+00
-0.1968735E+02  0.3227381E-21  0.0000000E+00
-0.1966781E+02  0.3403880E-21  0.0000000E+00
-0.1964827E+02  0.3590030E-21  0.0000000E+00
-0.1962872E+02  0.3786361E-21  0.0000000E+00
-0.1960918E+02  0.3993428E-21  0.0000000E+00
-0.1958964E+02  0.4211820E-21  0.0000000E+00
-0.1957010E+02  0.4442155E-21  0.0000000E+00
-0.1955056E+02  0.4685086E-21  0.0000000E+00
-0.1953102E+02  0.4941303E-21  0.0000000E+00
-0.1951148E+02  0.5211532E-21  0.0000000E+00
-0.1949194E+02  0.5496539E-21  0.0000000E+00
-0.1947240E+02  0.5797132E-21  0.0000000E+00
-0.1945286E+02  0.6114164E-21  0.0000000E+00
-0.1943332E+02  0.6448534E-21  0.0000000E+00
-0.1941378E+02  0.6801190E-21  0.0000000E+00
-0.1939424E+02  0.7173132E-21  0.0000000E+00
-0.1937469E+02  0.7565414E-21  0.0000000E+00
-0.1935515E+02  0.7979150E-21  0.0000000E+00
-0.1933561E+02  0.8415511E-21  0.0000000E+00
-0.1931607E+02  0.8875737E-21  0.0000000E+00
-0.1929653E+02  0.9361131E-21  0.0000000E+00
-0.1927699E+02  0.9873070E-21  0.0000000E+00
-0.1925745E+02  0.1041301E-20  0.0000000E+00
-0.1923791E+02  0.1098247E-20  0.0000000E+00
-0.1921837E+02  0.1158308E-20  0.0000000E+00
-0.1919883E+02  0.1221653E-20  0.0000000E+00
-0.1917929E+02  0.1288462E-20  0.0000000E+00
-0.1915975E+02  0.1358925E-20  0.0000000E+00
-0.1914021E+02  0.1433242E-20  0.0000000E+00
-0.1912066E+02  0.1511623E-20  0.0000000E+00
-0.1910112E+02  0.1594290E-20  0.0000000E+00
-0.1908158E+02  0.1681478E-20  0.0000000E+00
-0.1906204E+02  0.1773434E-20  0.0000000E+00
-0.1904250E+02  0.1870419E-20  0.0000000E+00
-0.1902296E+02  0.1972708E-20  0.0000000E+00
-0.1900342E+02  0.2080591E-20  0.0000000E+00
-0.1898388E+02  0.2194374E-20  0.0000000E+00
-0.1896434E+02  0.2314380E-20  0.0000000E+00
-0.1894480E+02  0.2440948E-20  0.0000000E+00
-0.1892526E+02  0.2574438E-20  0.0000000E+00
-0.1890572E+02  0.2715228E-20  0.0000000E+00
-0.1888617E+02  0.2863718E-20  0.0000000E+00
-0.1886663E+02  0.3020328E-20  0.0000000E+00
-0.1884709E+02  0.3185503E-20  0.0000000E+00
-0.1882755E+02  0.3359711E-20  0.0000000E+00
-0.1880801E+02  0.3543446E-20  0.0000000E+00
-0.1878847E+02  0.3737229E-20  0.0000000E+00
-0.1876893E+02  0.3941610E-20  0.0000000E+00
-0.1874939E+02  0.4157167E-20  0.0000000E+00
-0.1872985E+02  0.4384514E-20  0.0000000E+00
-0.1871031E+02  0.4624293E-20  0.0000000E+00
-0.1869077E+02  0.4877185E-20  0.0000000E+00
-0.1867123E+02  0.5143907E-20  0.0000000E+00
-0.1865169E+02  0.5425216E-20  0.0000000E+00
-0.1863214E+02  0.5721909E-20  0.0000000E+00
-0.1861260E+02  0.6034827E-20  0.0000000E+00
-0.1859306E+02  0.6364858E-20  0.0000000E+00
-0.1857352E+02  0.6712938E-20  0.0000000E+00
-0.1855398E+02  0.7080053E-20  0.0000000E+00
-0.1853444E+02  0.7467245E-20  0.0000000E+00
-0.1851490E+02  0.7875612E-20  0.0000000E+00
-0.1849536E+02  0.8306312E-20  0.0000000E+00
-0.1847582E+02  0.8760565E-20  0.0000000E+00
-0.1845628E+02  0.9239661E-20  0.0000000E+00
-0.1843674E+02  0.9744957E-20  0.0000000E+00
-0.1841720E+02  0.1027789E-19  0.0000000E+00
-0.1839766E+02  0.1083996E-19  0.0000000E+00
-0.1837811E+02  0.1143277E-19  0.0000000E+00
-0.1835857E+02  0.1205801E-19  0.0000000E+00
-0.1833903E+02  0.1271743E-19  0.0000000E+00
-0.1831949E+02  0.1341292E-19  0.0000000E+00
-0.1829995E+02  0.1414644E-19  0.0000000E+00
-0.1828041E+02  0.1492008E-19  0.0000000E+00
-0.1826087E+02  0.1573602E-19  0.0000000E+00
-0.1824133E+02  0.1659659E-19  0.0000000E+00
-0.1822179E+02  0.1750422E-19  0.0000000E+00
-0.1820225E+02  0.1846149E-19  0.0000000E+00
-0.1818271E+02  0.1947111E-19  0.0000000E+00
-0.1816317E+02  0.2053594E-19  0.0000000E+00
-0.1814362E+02  0.2165900E-19  0.0000000E+00
-0.1812408E+02  0.2284348E-19  0.0000000E+00
-0.1810454E+02  0.2409274E-19  0.0000000E+00
-0.1808500E+02  0.2541032E-19  0.0000000E+00
-0.1806546E+02  0.2679995E-19  0.0000000E+00
-0.1804592E+02  0.2826558E-19  0.0000000E+00
-0.1802638E+02  0.2981136E-19  0.0000000E+00
-0.1800684E+02  0.3144168E-19  0.0000000E+00
-0.1798730E+02  0.3316115E-19  0.0000000E+00
-0.1796776E+02  0.3497466E-19  0.0000000E+00
-0.1794822E+02  0.3688735E-19  0.0000000E+00
-0.1792868E+02  0.3890463E-19  0.0000000E+00
-0.1790914E+02  0.4103224E-19  0.0000000E+00
-0.1788959E+02  0.4327620E-19  0.0000000E+00
-0.1787005E+02  0.4564288E-19  0.0000000E+00
-0.1785051E+02  0.4813899E-19  0.0000000E+00
-0.1783097E+02  0.5077160E-19  0.0000000E+00
-0.1781143E+02  0.5354818E-19  0.0000000E+00
-0.1779189E+02  0.5647661E-19  0.0000000E+00
-0.1777235E+02  0.5956519E-19  0.0000000E+00
-0.1775281E+02  0.6282268E-19  0.0000000E+00
-0.1773327E+02  0.6625831E-19  0.0000000E+00
-0.1771373E+02  0.6988182E-19  0.0000000E+00
-0.1769419E+02  0.7370350E-19  0.0000000E+00
-0.1767465E+02  0.7773418E-19  0.0000000E+00
-0.1765511E+02  0.8198529E-19  0.0000000E+00
-0.1763556E+02  0.8646888E-19  0.0000000E+00
-0.1761602E+02  0.9119767E-19  0.0000000E+00
-0.1759648E+02  0.9618506E-19  0.0000000E+00
-0.1757694E+02  0.1014452E-18  0.0000000E+00
-0.1755740E+02  0.1069930E-18  0.0000000E+00
-0.1753786E+02  0.1128442E-18  0.0000000E+00
-0.1751832E+02  0.1190154E-18  0.0000000E+00
-0.1749878E+02  0.1255241E-18  0.0000000E+00
-0.1747924E+02  0.1323887E-18  0.0000000E+00
-0.1745970E+02  0.1396288E-18  0.0000000E+00
-0.1744016E+02  0.1472648E-18  0.0000000E+00
-0.1742062E+02  0.1553183E-18  0.0000000E+00
-0.1740107E+02  0.1638124E-18  0.0000000E+00
-0.1738153E+02  0.1727709E-18  0.0000000E+00
-0.1736199E+02  0.1822193E-18  0.0000000E+00
-0.1734245E+02  0.1921845E-18  0.0000000E+00
-0.1732291E+02  0.2026946E-18  0.0000000E+00
-0.1730337E+02  0.2137795E-18  0.0000000E+00
-0.1728383E+02  0.2254707E-18  0.0000000E+00
-0.1726429E+02  0.2378011E-18  0.0000000E+00
-0.1724475E+02  0.2508060E-18  0.0000000E+00
-0.1722521E+02  0.2645220E-18  0.0000000E+00
-0.1720567E+02  0.2789881E-18  0.0000000E+00
-0.1718613E+02  0.2942453E-18  0.0000000E+00
-0.1716659E+02  0.3103369E-18  0.0000000E+00
-0.1714704E+02  0.3273086E-18  0.0000000E+00
-0.1712750E+02  0.3452083E-18  0.0000000E+00
-0.1710796E+02  0.3640870E-18  0.0000000E+00
-0.1708842E+02  0.3839981E-18  0.0000000E+00
-0.1706888E+02  0.4049981E-18  0.0000000E+00
-0.1704934E+02  0.4271465E-18  0.0000000E+00
-0.1702980E+02  0.4505062E-18  0.0000000E+00
-0.1701026E+02  0.4751433E-18  0.0000000E+00
-0.1699072E+02  0.5011279E-18  0.0000000E+00
-0.1697118E+02  0.5285334E-18  0.0000000E+00
-0.1695164E+02  0.5574377E-18  0.0000000E+00
-0.1693210E+02  0.5879227E-18  0.0000000E+00
-0.1691255E+02  0.6200749E-18  0.0000000E+00
-0.1689301E+02  0.6539854E-18  0.0000000E+00
-0.1687347E+02  0.6897504E-18  0.0000000E+00
-0.1685393E+02  0.7274713E-18  0.0000000E+00
-0.1683439E+02  0.7672551E-18  0.0000000E+00
-0.1681485E+02  0.8092145E-18  0.0000000E+00
-0.1679531E+02  0.8534686E-18  0.0000000E+00
-0.1677577E+02  0.9001429E-18  0.0000000E+00
-0.1675623E+02  0.9493697E-18  0.0000000E+00
-0.1673669E+02  0.1001289E-17  0.0000000E+00
-0.1671715E+02  0.1056047E-17  0.0000000E+00
-0.1669761E+02  0.1113800E-17  0.0000000E+00
-0.1667807E+02  0.1174711E-17  0.0000000E+00
-0.1665852E+02  0.1238953E-17  0.0000000E+00
-0.1663898E+02  0.1306709E-17  0.0000000E+00
-0.1661944E+02  0.1378170E-17  0.0000000E+00
-0.1659990E+02  0.1453539E-17  0.0000000E+00
-0.1658036E+02  0.1533029E-17  0.0000000E+00
-0.1656082E+02  0.1616867E-17  0.0000000E+00
-0.1654128E+02  0.1705290E-17  0.0000000E+00
-0.1652174E+02  0.1798549E-17  0.0000000E+00
-0.1650220E+02  0.1896907E-17  0.0000000E+00
-0.1648266E+02  0.2000645E-17  0.0000000E+00
-0.1646312E+02  0.2110055E-17  0.0000000E+00
-0.1644358E+02  0.2225450E-17  0.0000000E+00
-0.1642404E+02  0.2347154E-17  0.0000000E+00
-0.1640449E+02  0.2475515E-17  0.0000000E+00
-0.1638495E+02  0.2610895E-17  0.0000000E+00
-0.1636541E+02  0.2753679E-17  0.0000000E+00
-0.1634587E+02  0.2904272E-17  0.0000000E+00
-0.1632633E+02  0.3063100E-17  0.0000000E+00
-0.1630679E+02  0.3230614E-17  0.0000000E+00
-0.1628725E+02  0.3407289E-17  0.0000000E+00
-0.1626771E+02  0.3593626E-17  0.0000000E+00
-0.1624817E+02  0.3790153E-17  0.0000000E+00
-0.1622863E+02  0.3997428E-17  0.0000000E+00
-0.1620909E+02  0.4216039E-17  0.0000000E+00
-0.1618955E+02  0.4446604E-17  0.0000000E+00
-0.1617000E+02  0.4689779E-17  0.0000000E+00
-0.1615046E+02  0.4946252E-17  0.0000000E+00
-0.1613092E+02  0.5216752E-17  0.0000000E+00
-0.1611138E+02  0.5502044E-17  0.0000000E+00
-0.1609184E+02  0.5802939E-17  0.0000000E+00
-0.1607230E+02  0.6120288E-17  0.0000000E+00
-0.1605276E+02  0.6454993E-17  0.0000000E+00
-0.1603322E+02  0.6808002E-17  0.0000000E+00
-0.1601368E+02  0.7180316E-17  0.0000000E+00
-0.1599414E+02  0.7572992E-17  0.0000000E+00
-0.1597460E+02  0.7987141E-17  0.0000000E+00
-0.1595506E+02  0.8423940E-17  0.0000000E+00
-0.1593552E+02  0.8884627E-17  0.0000000E+00
-0.1591597E+02  0.9370507E-17  0.0000000E+00
-0.1589643E+02  0.9882959E-17  0.0000000E+00
-0.1587689E+02  0.1042344E-16  0.0000000E+00
-0.1585735E+02  0.1099347E-16  0.0000000E+00
-0.1583781E+02  0.1159468E-16  0.0000000E+00
-0.1581827E+02  0.1222876E-16  0.0000000E+00
-0.1579873E+02  0.1289753E-16  0.0000000E+00
-0.1577919E+02  0.1360286E-16  0.0000000E+00
-0.1575965E+02  0.1434677E-16  0.0000000E+00
-0.1574011E+02  0.1513137E-16  0.0000000E+00
-0.1572057E+02  0.1595887E-16  0.0000000E+00
-0.1570103E+02  0.1683162E-16  0.0000000E+00
-0.1568149E+02  0.1775211E-16  0.0000000E+00
-0.1566194E+02  0.1872293E-16  0.0000000E+00
-0.1564240E+02  0.1974684E-16  0.0000000E+00
-0.1562286E+02  0.2082675E-16  0.0000000E+00
-0.1560332E+02  0.2196572E-16  0.0000000E+00
-0.1558378E+02  0.2316698E-16  0.0000000E+00
-0.1556424E+02  0.2443393E-16  0.0000000E+00
-0.1554470E+02  0.2577016E-16  0.0000000E+00
-0.1552516E+02  0.2717948E-16  0.0000000E+00
-0.1550562E+02  0.2866586E-16  0.0000000E+00
-0.1548608E+02  0.3023353E-16  0.0000000E+00
-0.1546654E+02  0.3188694E-16  0.0000000E+00
-0.1544700E+02  0.3363076E-16  0.0000000E+00
-0.1542745E+02  0.3546995E-16  0.0000000E+00
-0.1540791E+02  0.3740972E-16  0.0000000E+00
-0.1538837E+02  0.3945558E-16  0.0000000E+00
-0.1536883E+02  0.4161331E-16  0.0000000E+00
-0.1534929E+02  0.4388905E-16  0.0000000E+00
-0.1532975E+02  0.4628924E-16  0.0000000E+00
-0.1531021E+02  0.4882070E-16  0.0000000E+00
-0.1529067E+02  0.5149059E-16  0.0000000E+00
-0.1527113E+02  0.5430650E-16  0.0000000E+00
-0.1525159E+02  0.5727640E-16  0.0000000E+00
-0.1523205E+02  0.6040871E-16  0.0000000E+00
-0.1521251E+02  0.6371233E-16  0.0000000E+00
-0.1519297E+02  0.6719661E-16  0.0000000E+00
-0.1517342E+02  0.7087145E-16  0.0000000E+00
-0.1515388E+02  0.7474725E-16  0.0000000E+00
-0.1513434E+02  0.7883500E-16  0.0000000E+00
-0.1511480E+02  0.8314631E-16  0.0000000E+00
-0.1509526E+02  0.8769340E-16  0.0000000E+00
-0.1507572E+02  0.9248915E-16  0.0000000E+00
-0.1505618E+02  0.9754717E-16  0.0000000E+00
-0.1503664E+02  0.1028818E-15  0.0000000E+00
-0.1501710E+02  0.1085082E-15  0.0000000E+00
-0.1499756E+02  0.1144423E-15  0.0000000E+00
-0.1497802E+02  0.1207008E-15  0.0000000E+00
-0.1495848E+02  0.1273017E-15  0.0000000E+00
-0.1493894E+02  0.1342635E-15  0.0000000E+00
-0.1491939E+02  0.1416061E-15  0.0000000E+00
-0.1489985E+02  0.1493502E-15  0.0000000E+00
-0.1488031E+02  0.1575179E-15  0.0000000E+00
-0.1486077E+02  0.1661322E-15  0.0000000E+00
-0.1484123E+02  0.1752175E-15  0.0000000E+00
-0.1482169E+02  0.1847998E-15  0.0000000E+00
-0.1480215E+02  0.1949061E-15  0.0000000E+00
-0.1478261E+02  0.2055651E-15  0.0000000E+00
-0.1476307E+02  0.2168070E-15  0.0000000E+00
-0.1474353E+02  0.2286636E-15  0.0000000E+00
-0.1472399E+02  0.2411687E-15  0.0000000E+00
-0.1470445E+02  0.2543577E-15  0.0000000E+00
-0.1468490E+02  0.2682680E-15  0.0000000E+00
-0.1466536E+02  0.2829389E-15  0.0000000E+00
-0.1464582E+02  0.2984122E-15  0.0000000E+00
-0.1462628E+02  0.3147317E-15  0.0000000E+00
-0.1460674E+02  0.3319437E-15  0.0000000E+00
-0.1458720E+02  0.3500969E-15  0.0000000E+00
-0.1456766E+02  0.3692429E-15  0.0000000E+00
-0.1454812E+02  0.3894360E-15  0.0000000E+00
-0.1452858E+02  0.4107334E-15  0.0000000E+00
-0.1450904E+02  0.4331955E-15  0.0000000E+00
-0.1448950E+02  0.4568860E-15  0.0000000E+00
-0.1446996E+02  0.4818720E-15  0.0000000E+00
-0.1445042E+02  0.5082245E-15  0.0000000E+00
-0.1443087E+02  0.5360182E-15  0.0000000E+00
-0.1441133E+02  0.5653318E-15  0.0000000E+00
-0.1439179E+02  0.5962485E-15  0.0000000E+00
-0.1437225E+02  0.6288560E-15  0.0000000E+00
-0.1435271E+02  0.6632467E-15  0.0000000E+00
-0.1433317E+02  0.6995182E-15  0.0000000E+00
-0.1431363E+02  0.7377733E-15  0.0000000E+00
-0.1429409E+02  0.7781204E-15  0.0000000E+00
-0.1427455E+02  0.8206741E-15  0.0000000E+00
-0.1425501E+02  0.8655549E-15  0.0000000E+00
-0.1423547E+02  0.9128901E-15  0.0000000E+00
-0.1421593E+02  0.9628140E-15  0.0000000E+00
-0.1419638E+02  0.1015468E-14  0.0000000E+00
-0.1417684E+02  0.1071002E-14  0.0000000E+00
-0.1415730E+02  0.1129573E-14  0.0000000E+00
-0.1413776E+02  0.1191346E-14  0.0000000E+00
-0.1411822E+02  0.1256498E-14  0.0000000E+00
-0.1409868E+02  0.1325213E-14  0.0000000E+00
-0.1407914E+02  0.1397686E-14  0.0000000E+00
-0.1405960E+02  0.1474123E-14  0.0000000E+00
-0.1404006E+02  0.1554739E-14  0.0000000E+00
-0.1402052E+02  0.1639764E-14  0.0000000E+00
-0.1400098E+02  0.1729439E-14  0.0000000E+00
-0.1398144E+02  0.1824018E-14  0.0000000E+00
-0.1396190E+02  0.1923770E-14  0.0000000E+00
-0.1394235E+02  0.2028977E-14  0.0000000E+00
-0.1392281E+02  0.2139937E-14  0.0000000E+00
-0.1390327E+02  0.2256965E-14  0.0000000E+00
-0.1388373E+02  0.2380393E-14  0.0000000E+00
-0.1386419E+02  0.2510572E-14  0.0000000E+00
-0.1384465E+02  0.2647869E-14  0.0000000E+00
-0.1382511E+02  0.2792675E-14  0.0000000E+00
-0.1380557E+02  0.2945400E-14  0.0000000E+00
-0.1378603E+02  0.3106478E-14  0.0000000E+00
-0.1376649E+02  0.3276364E-14  0.0000000E+00
-0.1374695E+02  0.3455541E-14  0.0000000E+00
-0.1372741E+02  0.3644517E-14  0.0000000E+00
-0.1370787E+02  0.3843827E-14  0.0000000E+00
-0.1368832E+02  0.4054037E-14  0.0000000E+00
-0.1366878E+02  0.4275743E-14  0.0000000E+00
-0.1364924E+02  0.4509574E-14  0.0000000E+00
-0.1362970E+02  0.4756193E-14  0.0000000E+00
-0.1361016E+02  0.5016298E-14  0.0000000E+00
-0.1359062E+02  0.5290628E-14  0.0000000E+00
-0.1357108E+02  0.5579961E-14  0.0000000E+00
-0.1355154E+02  0.5885116E-14  0.0000000E+00
-0.1353200E+02  0.6206960E-14  0.0000000E+00
-0.1351246E+02  0.6546404E-14  0.0000000E+00
-0.1349292E+02  0.6904412E-14  0.0000000E+00
-0.1347338E+02  0.7281999E-14  0.0000000E+00
-0.1345383E+02  0.7680235E-14  0.0000000E+00
-0.1343429E+02  0.8100250E-14  0.0000000E+00
-0.1341475E+02  0.8543235E-14  0.0000000E+00
-0.1339521E+02  0.9010445E-14  0.0000000E+00
-0.1337567E+02  0.9503206E-14  0.0000000E+00
-0.1335613E+02  0.1002291E-13  0.0000000E+00
-0.1333659E+02  0.1057105E-13  0.0000000E+00
-0.1331705E+02  0.1114915E-13  0.0000000E+00
-0.1329751E+02  0.1175887E-13  0.0000000E+00
-0.1327797E+02  0.1240194E-13  0.0000000E+00
-0.1325843E+02  0.1308017E-13  0.0000000E+00
-0.1323889E+02  0.1379550E-13  0.0000000E+00
-0.1321935E+02  0.1454994E-13  0.0000000E+00
-0.1319980E+02  0.1534565E-13  0.0000000E+00
-0.1318026E+02  0.1618487E-13  0.0000000E+00
-0.1316072E+02  0.1706998E-13  0.0000000E+00
-0.1314118E+02  0.1800350E-13  0.0000000E+00
-0.1312164E+02  0.1898807E-13  0.0000000E+00
-0.1310210E+02  0.2002649E-13  0.0000000E+00
-0.1308256E+02  0.2112169E-13  0.0000000E+00
-0.1306302E+02  0.2227679E-13  0.0000000E+00
-0.1304348E+02  0.2349505E-13  0.0000000E+00
-0.1302394E+02  0.2477995E-13  0.0000000E+00
-0.1300440E+02  0.2613510E-13  0.0000000E+00
-0.1298486E+02  0.2756437E-13  0.0000000E+00
-0.1296532E+02  0.2907181E-13  0.0000000E+00
-0.1294577E+02  0.3066168E-13  0.0000000E+00
-0.1292623E+02  0.3233850E-13  0.0000000E+00
-0.1290669E+02  0.3410702E-13  0.0000000E+00
-0.1288715E+02  0.3597225E-13  0.0000000E+00
-0.1286761E+02  0.3793949E-13  0.0000000E+00
-0.1284807E+02  0.4001432E-13  0.0000000E+00
-0.1282853E+02  0.4220261E-13  0.0000000E+00
-0.1280899E+02  0.4451058E-13  0.0000000E+00
-0.1278945E+02  0.4694476E-13  0.0000000E+00
-0.1276991E+02  0.4951207E-13  0.0000000E+00
-0.1275037E+02  0.5221977E-13  0.0000000E+00
-0.1273083E+02  0.5507555E-13  0.0000000E+00
-0.1271128E+02  0.5808751E-13  0.0000000E+00
-0.1269174E+02  0.6126418E-13  0.0000000E+00
-0.1267220E+02  0.6461458E-13  0.0000000E+00
-0.1265266E+02  0.6814821E-13  0.0000000E+00
-0.1263312E+02  0.7187508E-13  0.0000000E+00
-0.1261358E+02  0.7580577E-13  0.0000000E+00
-0.1259404E+02  0.7995141E-13  0.0000000E+00
-0.1257450E+02  0.8432378E-13  0.0000000E+00
-0.1255496E+02  0.8893525E-13  0.0000000E+00
-0.1253542E+02  0.9379892E-13  0.0000000E+00
-0.1251588E+02  0.9892857E-13  0.0000000E+00
-0.1249634E+02  0.1043388E-12  0.0000000E+00
-0.1247680E+02  0.1100448E-12  0.0000000E+00
-0.1245725E+02  0.1160629E-12  0.0000000E+00
-0.1243771E+02  0.1224101E-12  0.0000000E+00
-0.1241817E+02  0.1291045E-12  0.0000000E+00
-0.1239863E+02  0.1361649E-12  0.0000000E+00
-0.1237909E+02  0.1436114E-12  0.0000000E+00
-0.1235955E+02  0.1514652E-12  0.0000000E+00
-0.1234001E+02  0.1597485E-12  0.0000000E+00
-0.1232047E+02  0.1684848E-12  0.0000000E+00
-0.1230093E+02  0.1776989E-12  0.0000000E+00
-0.1228139E+02  0.1874168E-12  0.0000000E+00
-0.1226185E+02  0.1976662E-12  0.0000000E+00
-0.1224231E+02  0.2084761E-12  0.0000000E+00
-0.1222277E+02  0.2198772E-12  0.0000000E+00
-0.1220322E+02  0.2319018E-12  0.0000000E+00
-0.1218368E+02  0.2445840E-12  0.0000000E+00
-0.1216414E+02  0.2579598E-12  0.0000000E+00
-0.1214460E+02  0.2720670E-12  0.0000000E+00
-0.1212506E+02  0.2869457E-12  0.0000000E+00
-0.1210552E+02  0.3026381E-12  0.0000000E+00
-0.1208598E+02  0.3191887E-12  0.0000000E+00
-0.1206644E+02  0.3366445E-12  0.0000000E+00
-0.1204690E+02  0.3550548E-12  0.0000000E+00
-0.1202736E+02  0.3744719E-12  0.0000000E+00
-0.1200782E+02  0.3949509E-12  0.0000000E+00
-0.1198828E+02  0.4165499E-12  0.0000000E+00
-0.1196873E+02  0.4393301E-12  0.0000000E+00
-0.1194919E+02  0.4633561E-12  0.0000000E+00
-0.1192965E+02  0.4886960E-12  0.0000000E+00
-0.1191011E+02  0.5154217E-12  0.0000000E+00
-0.1189057E+02  0.5436089E-12  0.0000000E+00
-0.1187103E+02  0.5733377E-12  0.0000000E+00
-0.1185149E+02  0.6046922E-12  0.0000000E+00
-0.1183195E+02  0.6377615E-12  0.0000000E+00
-0.1181241E+02  0.6726392E-12  0.0000000E+00
-0.1179287E+02  0.7094243E-12  0.0000000E+00
-0.1177333E+02  0.7482211E-12  0.0000000E+00
-0.1175379E+02  0.7891397E-12  0.0000000E+00
-0.1173425E+02  0.8322959E-12  0.0000000E+00
-0.1171470E+02  0.8778123E-12  0.0000000E+00
-0.1169516E+02  0.9258179E-12  0.0000000E+00
-0.1167562E+02  0.9764488E-12  0.0000000E+00
-0.1165608E+02  0.1029849E-11  0.0000000E+00
-0.1163654E+02  0.1086169E-11  0.0000000E+00
-0.1161700E+02  0.1145569E-11  0.0000000E+00
-0.1159746E+02  0.1208217E-11  0.0000000E+00
-0.1157792E+02  0.1274292E-11  0.0000000E+00
-0.1155838E+02  0.1343980E-11  0.0000000E+00
-0.1153884E+02  0.1417479E-11  0.0000000E+00
-0.1151930E+02  0.1494998E-11  0.0000000E+00
-0.1149976E+02  0.1576756E-11  0.0000000E+00
-0.1148021E+02  0.1662986E-11  0.0000000E+00
-0.1146067E+02  0.1753930E-11  0.0000000E+00
-0.1144113E+02  0.1849849E-11  0.0000000E+00
-0.1142159E+02  0.1951013E-11  0.0000000E+00
-0.1140205E+02  0.2057710E-11  0.0000000E+00
-0.1138251E+02  0.2170241E-11  0.0000000E+00
-0.1136297E+02  0.2288927E-11  0.0000000E+00
-0.1134343E+02  0.2414103E-11  0.0000000E+00
-0.1132389E+02  0.2546125E-11  0.0000000E+00
-0.1130435E+02  0.2685367E-11  0.0000000E+00
-0.1128481E+02  0.2832223E-11  0.0000000E+00
-0.1126527E+02  0.2987111E-11  0.0000000E+00
-0.1124573E+02  0.3150469E-11  0.0000000E+00
-0.1122618E+02  0.3322762E-11  0.0000000E+00
-0.1120664E+02  0.3504476E-11  0.0000000E+00
-0.1118710E+02  0.3696128E-11  0.0000000E+00
-0.1116756E+02  0.3898261E-11  0.0000000E+00
-0.1114802E+02  0.4111448E-11  0.0000000E+00
-0.1112848E+02  0.4336294E-11  0.0000000E+00
-0.1110894E+02  0.4573436E-11  0.0000000E+00
-0.1108940E+02  0.4823547E-11  0.0000000E+00
-0.1106986E+02  0.5087336E-11  0.0000000E+00
-0.1105032E+02  0.5365550E-11  0.0000000E+00
-0.1103078E+02  0.5658980E-11  0.0000000E+00
-0.1101124E+02  0.5968457E-11  0.0000000E+00
-0.1099170E+02  0.6294859E-11  0.0000000E+00
-0.1097215E+02  0.6639110E-11  0.0000000E+00
-0.1095261E+02  0.7002188E-11  0.0000000E+00
-0.1093307E+02  0.7385122E-11  0.0000000E+00
-0.1091353E+02  0.7788998E-11  0.0000000E+00
-0.1089399E+02  0.8214961E-11  0.0000000E+00
-0.1087445E+02  0.8664218E-11  0.0000000E+00
-0.1085491E+02  0.9138045E-11  0.0000000E+00
-0.1083537E+02  0.9637784E-11  0.0000000E+00
-0.1081583E+02  0.1016485E-10  0.0000000E+00
-0.1079629E+02  0.1072075E-10  0.0000000E+00
-0.1077675E+02  0.1130704E-10  0.0000000E+00
-0.1075721E+02  0.1192540E-10  0.0000000E+00
-0.1073766E+02  0.1257757E-10  0.0000000E+00
-0.1071812E+02  0.1326541E-10  0.0000000E+00
-0.1069858E+02  0.1399086E-10  0.0000000E+00
-0.1067904E+02  0.1475599E-10  0.0000000E+00
-0.1065950E+02  0.1556296E-10  0.0000000E+00
-0.1063996E+02  0.1641407E-10  0.0000000E+00
-0.1062042E+02  0.1731171E-10  0.0000000E+00
-0.1060088E+02  0.1825845E-10  0.0000000E+00
-0.1058134E+02  0.1925697E-10  0.0000000E+00
-0.1056180E+02  0.2031009E-10  0.0000000E+00
-0.1054226E+02  0.2142080E-10  0.0000000E+00
-0.1052272E+02  0.2259226E-10  0.0000000E+00
-0.1050318E+02  0.2382778E-10  0.0000000E+00
-0.1048363E+02  0.2513086E-10  0.0000000E+00
-0.1046409E+02  0.2650521E-10  0.0000000E+00
-0.1044455E+02  0.2795472E-10  0.0000000E+00
-0.1042501E+02  0.2948350E-10  0.0000000E+00
-0.1040547E+02  0.3109589E-10  0.0000000E+00
-0.1038593E+02  0.3279645E-10  0.0000000E+00
-0.1036639E+02  0.3459002E-10  0.0000000E+00
-0.1034685E+02  0.3648167E-10  0.0000000E+00
-0.1032731E+02  0.3847677E-10  0.0000000E+00
-0.1030777E+02  0.4058098E-10  0.0000000E+00
-0.1028823E+02  0.4280026E-10  0.0000000E+00
-0.1026869E+02  0.4514091E-10  0.0000000E+00
-0.1024915E+02  0.4760956E-10  0.0000000E+00
-0.1022960E+02  0.5021322E-10  0.0000000E+00
-0.1021006E+02  0.5295927E-10  0.0000000E+00
-0.1019052E+02  0.5585549E-10  0.0000000E+00
-0.1017098E+02  0.5891011E-10  0.0000000E+00
-0.1015144E+02  0.6213177E-10  0.0000000E+00
-0.1013190E+02  0.6552961E-10  0.0000000E+00
-0.1011236E+02  0.6911328E-10  0.0000000E+00
-0.1009282E+02  0.7289293E-10  0.0000000E+00
-0.1007328E+02  0.7687928E-10  0.0000000E+00
-0.1005374E+02  0.8108363E-10  0.0000000E+00
-0.1003420E+02  0.8551792E-10  0.0000000E+00
-0.1001466E+02  0.9019470E-10  0.0000000E+00
-0.9995115E+01  0.9512724E-10  0.0000000E+00
-0.9975574E+01  0.1003295E-09  0.0000000E+00
-0.9956033E+01  0.1058163E-09  0.0000000E+00
-0.9936492E+01  0.1116032E-09  0.0000000E+00
-0.9916952E+01  0.1177065E-09  0.0000000E+00
-0.9897411E+01  0.1241436E-09  0.0000000E+00
-0.9877870E+01  0.1309328E-09  0.0000000E+00
-0.9858329E+01  0.1380932E-09  0.0000000E+00
-0.9838788E+01  0.1456452E-09  0.0000000E+00
-0.9819248E+01  0.1536102E-09  0.0000000E+00
-0.9799707E+01  0.1620108E-09  0.0000000E+00
-0.9780166E+01  0.1708708E-09  0.0000000E+00
-0.9760625E+01  0.1802153E-09  0.0000000E+00
-0.9741085E+01  0.1900709E-09  0.0000000E+00
-0.9721544E+01  0.2004654E-09  0.0000000E+00
-0.9702003E+01  0.2114284E-09  0.0000000E+00
-0.9682462E+01  0.2229910E-09  0.0000000E+00
-0.9662921E+01  0.2351859E-09  0.0000000E+00
-0.9643381E+01  0.2480476E-09  0.0000000E+00
-0.9623840E+01  0.2616128E-09  0.0000000E+00
-0.9604299E+01  0.2759198E-09  0.0000000E+00
-0.9584758E+01  0.2910093E-09  0.0000000E+00
-0.9565217E+01  0.3069239E-09  0.0000000E+00
-0.9545677E+01  0.3237089E-09  0.0000000E+00
-0.9526136E+01  0.3414118E-09  0.0000000E+00
-0.9506595E+01  0.3600828E-09  0.0000000E+00
-0.9487054E+01  0.3797750E-09  0.0000000E+00
-0.9467513E+01  0.4005440E-09  0.0000000E+00
-0.9447973E+01  0.4224488E-09  0.0000000E+00
-0.9428432E+01  0.4455516E-09  0.0000000E+00
-0.9408891E+01  0.4699178E-09  0.0000000E+00
-0.9389350E+01  0.4956166E-09  0.0000000E+00
-0.9369809E+01  0.5227207E-09  0.0000000E+00
-0.9350269E+01  0.5513071E-09  0.0000000E+00
-0.9330728E+01  0.5814569E-09  0.0000000E+00
-0.9311187E+01  0.6132555E-09  0.0000000E+00
-0.9291646E+01  0.6467930E-09  0.0000000E+00
-0.9272106E+01  0.6821647E-09  0.0000000E+00
-0.9252565E+01  0.7194707E-09  0.0000000E+00
-0.9233024E+01  0.7588169E-09  0.0000000E+00
-0.9213483E+01  0.8003149E-09  0.0000000E+00
-0.9193942E+01  0.8440824E-09  0.0000000E+00
-0.9174402E+01  0.8902433E-09  0.0000000E+00
-0.9154861E+01  0.9389287E-09  0.0000000E+00
-0.9135320E+01  0.9902766E-09  0.0000000E+00
-0.9115779E+01  0.1044433E-08  0.0000000E+00
-0.9096238E+01  0.1101550E-08  0.0000000E+00
-0.9076698E+01  0.1161792E-08  0.0000000E+00
-0.9057157E+01  0.1225327E-08  0.0000000E+00
-0.9037616E+01  0.1292338E-08  0.0000000E+00
-0.9018075E+01  0.1363013E-08  0.0000000E+00
-0.8998534E+01  0.1437553E-08  0.0000000E+00
-0.8978994E+01  0.1516169E-08  0.0000000E+00
-0.8959453E+01  0.1599085E-08  0.0000000E+00
-0.8939912E+01  0.1686536E-08  0.0000000E+00
-0.8920371E+01  0.1778768E-08  0.0000000E+00
-0.8900830E+01  0.1876045E-08  0.0000000E+00
-0.8881290E+01  0.1978642E-08  0.0000000E+00
-0.8861749E+01  0.2086850E-08  0.0000000E+00
-0.8842208E+01  0.2200975E-08  0.0000000E+00
-0.8822667E+01  0.2321341E-08  0.0000000E+00
-0.8803127E+01  0.2448290E-08  0.0000000E+00
-0.8783586E+01  0.2582181E-08  0.0000000E+00
-0.8764045E+01  0.2723395E-08  0.0000000E+00
-0.8744504E+01  0.2872331E-08  0.0000000E+00
-0.8724963E+01  0.3029413E-08  0.0000000E+00
-0.8705423E+01  0.3195084E-08  0.0000000E+00
-0.8685882E+01  0.3369816E-08  0.0000000E+00
-0.8666341E+01  0.3554104E-08  0.0000000E+00
-0.8646800E+01  0.3748470E-08  0.0000000E+00
-0.8627259E+01  0.3953465E-08  0.0000000E+00
-0.8607719E+01  0.4169671E-08  0.0000000E+00
-0.8588178E+01  0.4397701E-08  0.0000000E+00
-0.8568637E+01  0.4638202E-08  0.0000000E+00
-0.8549096E+01  0.4891855E-08  0.0000000E+00
-0.8529555E+01  0.5159379E-08  0.0000000E+00
-0.8510015E+01  0.5441534E-08  0.0000000E+00
-0.8490474E+01  0.5739119E-08  0.0000000E+00
-0.8470933E+01  0.6052979E-08  0.0000000E+00
-0.8451392E+01  0.6384002E-08  0.0000000E+00
-0.8431851E+01  0.6733129E-08  0.0000000E+00
-0.8412311E+01  0.7101349E-08  0.0000000E+00
-0.8392770E+01  0.7489705E-08  0.0000000E+00
-0.8373229E+01  0.7899301E-08  0.0000000E+00
-0.8353688E+01  0.8331296E-08  0.0000000E+00
-0.8334148E+01  0.8786915E-08  0.0000000E+00
-0.8314607E+01  0.9267452E-08  0.0000000E+00
-0.8295066E+01  0.9774268E-08  0.0000000E+00
-0.8275525E+01  0.1030880E-07  0.0000000E+00
-0.8255984E+01  0.1087257E-07  0.0000000E+00
-0.8236444E+01  0.1146716E-07  0.0000000E+00
-0.8216903E+01  0.1209428E-07  0.0000000E+00
-0.8197362E+01  0.1275568E-07  0.0000000E+00
-0.8177821E+01  0.1345326E-07  0.0000000E+00
-0.8158280E+01  0.1418899E-07  0.0000000E+00
-0.8138740E+01  0.1496496E-07  0.0000000E+00
-0.8119199E+01  0.1578336E-07  0.0000000E+00
-0.8099658E+01  0.1664651E-07  0.0000000E+00
-0.8080117E+01  0.1755687E-07  0.0000000E+00
-0.8060576E+01  0.1851702E-07  0.0000000E+00
-0.8041036E+01  0.1952967E-07  0.0000000E+00
-0.8021495E+01  0.2059771E-07  0.0000000E+00
-0.8001954E+01  0.2172415E-07  0.0000000E+00
-0.7982413E+01  0.2291219E-07  0.0000000E+00
-0.7962872E+01  0.2416521E-07  0.0000000E+00
-0.7943332E+01  0.2548675E-07  0.0000000E+00
-0.7923791E+01  0.2688056E-07  0.0000000E+00
-0.7904250E+01  0.2835060E-07  0.0000000E+00
-0.7884709E+01  0.2990103E-07  0.0000000E+00
-0.7865169E+01  0.3153625E-07  0.0000000E+00
-0.7845628E+01  0.3326090E-07  0.0000000E+00
-0.7826087E+01  0.3507986E-07  0.0000000E+00
-0.7806546E+01  0.3699830E-07  0.0000000E+00
-0.7787005E+01  0.3902165E-07  0.0000000E+00
-0.7767465E+01  0.4115566E-07  0.0000000E+00
-0.7747924E+01  0.4340637E-07  0.0000000E+00
-0.7728383E+01  0.4578017E-07  0.0000000E+00
-0.7708842E+01  0.4828378E-07  0.0000000E+00
-0.7689301E+01  0.5092431E-07  0.0000000E+00
-0.7669761E+01  0.5370925E-07  0.0000000E+00
-0.7650220E+01  0.5664648E-07  0.0000000E+00
-0.7630679E+01  0.5974435E-07  0.0000000E+00
-0.7611138E+01  0.6301164E-07  0.0000000E+00
-0.7591597E+01  0.6645760E-07  0.0000000E+00
-0.7572057E+01  0.7009202E-07  0.0000000E+00
-0.7552516E+01  0.7392519E-07  0.0000000E+00
-0.7532975E+01  0.7796799E-07  0.0000000E+00
-0.7513434E+01  0.8223189E-07  0.0000000E+00
-0.7493894E+01  0.8672896E-07  0.0000000E+00
-0.7474353E+01  0.9147198E-07  0.0000000E+00
-0.7454812E+01  0.9647437E-07  0.0000000E+00
-0.7435271E+01  0.1017503E-06  0.0000000E+00
-0.7415730E+01  0.1073148E-06  0.0000000E+00
-0.7396190E+01  0.1131836E-06  0.0000000E+00
-0.7376649E+01  0.1193734E-06  0.0000000E+00
-0.7357108E+01  0.1259017E-06  0.0000000E+00
-0.7337567E+01  0.1327869E-06  0.0000000E+00
-0.7318026E+01  0.1400488E-06  0.0000000E+00
-0.7298486E+01  0.1477077E-06  0.0000000E+00
-0.7278945E+01  0.1557855E-06  0.0000000E+00
-0.7259404E+01  0.1643051E-06  0.0000000E+00
-0.7239863E+01  0.1732905E-06  0.0000000E+00
-0.7220322E+01  0.1827674E-06  0.0000000E+00
-0.7200782E+01  0.1927626E-06  0.0000000E+00
-0.7181241E+01  0.2033043E-06  0.0000000E+00
-0.7161700E+01  0.2144226E-06  0.0000000E+00
-0.7142159E+01  0.2261488E-06  0.0000000E+00
-0.7122618E+01  0.2385164E-06  0.0000000E+00
-0.7103078E+01  0.2515603E-06  0.0000000E+00
-0.7083537E+01  0.2653176E-06  0.0000000E+00
-0.7063996E+01  0.2798272E-06  0.0000000E+00
-0.7044455E+01  0.2951303E-06  0.0000000E+00
-0.7024915E+01  0.3112704E-06  0.0000000E+00
-0.7005374E+01  0.3282930E-06  0.0000000E+00
-0.6985833E+01  0.3462466E-06  0.0000000E+00
-0.6966292E+01  0.3651821E-06  0.0000000E+00
-0.6946751E+01  0.3851531E-06  0.0000000E+00
-0.6927211E+01  0.4062162E-06  0.0000000E+00
-0.6907670E+01  0.4284313E-06  0.0000000E+00
-0.6888129E+01  0.4518612E-06  0.0000000E+00
-0.6868588E+01  0.4765725E-06  0.0000000E+00
-0.6849047E+01  0.5026352E-06  0.0000000E+00
-0.6829507E+01  0.5301231E-06  0.0000000E+00
-0.6809966E+01  0.5591144E-06  0.0000000E+00
-0.6790425E+01  0.5896911E-06  0.0000000E+00
-0.6770884E+01  0.6219400E-06  0.0000000E+00
-0.6751343E+01  0.6559525E-06  0.0000000E+00
-0.6731803E+01  0.6918250E-06  0.0000000E+00
-0.6712262E+01  0.7296594E-06  0.0000000E+00
-0.6692721E+01  0.7695628E-06  0.0000000E+00
-0.6673180E+01  0.8116485E-06  0.0000000E+00
-0.6653639E+01  0.8560357E-06  0.0000000E+00
-0.6634099E+01  0.9028503E-06  0.0000000E+00
-0.6614558E+01  0.9522252E-06  0.0000000E+00
-0.6595017E+01  0.1004300E-05  0.0000000E+00
-0.6575476E+01  0.1059223E-05  0.0000000E+00
-0.6555936E+01  0.1117150E-05  0.0000000E+00
-0.6536395E+01  0.1178244E-05  0.0000000E+00
-0.6516854E+01  0.1242680E-05  0.0000000E+00
-0.6497313E+01  0.1310639E-05  0.0000000E+00
-0.6477772E+01  0.1382315E-05  0.0000000E+00
-0.6458232E+01  0.1457910E-05  0.0000000E+00
-0.6438691E+01  0.1537640E-05  0.0000000E+00
-0.6419150E+01  0.1621730E-05  0.0000000E+00
-0.6399609E+01  0.1710419E-05  0.0000000E+00
-0.6380068E+01  0.1803958E-05  0.0000000E+00
-0.6360528E+01  0.1902613E-05  0.0000000E+00
-0.6340987E+01  0.2006662E-05  0.0000000E+00
-0.6321446E+01  0.2116402E-05  0.0000000E+00
-0.6301905E+01  0.2232143E-05  0.0000000E+00
-0.6282364E+01  0.2354214E-05  0.0000000E+00
-0.6262824E+01  0.2482961E-05  0.0000000E+00
-0.6243283E+01  0.2618748E-05  0.0000000E+00
-0.6223742E+01  0.2761962E-05  0.0000000E+00
-0.6204201E+01  0.2913007E-05  0.0000000E+00
-0.6184660E+01  0.3072313E-05  0.0000000E+00
-0.6165120E+01  0.3240331E-05  0.0000000E+00
-0.6145579E+01  0.3417537E-05  0.0000000E+00
-0.6126038E+01  0.3604435E-05  0.0000000E+00
-0.6106497E+01  0.3801553E-05  0.0000000E+00
-0.6086957E+01  0.4009451E-05  0.0000000E+00
-0.6067416E+01  0.4228719E-05  0.0000000E+00
-0.6047875E+01  0.4459978E-05  0.0000000E+00
-0.6028334E+01  0.4703884E-05  0.0000000E+00
-0.6008793E+01  0.4961129E-05  0.0000000E+00
-0.5989253E+01  0.5232442E-05  0.0000000E+00
-0.5969712E+01  0.5518592E-05  0.0000000E+00
-0.5950171E+01  0.5820392E-05  0.0000000E+00
-0.5930630E+01  0.6138696E-05  0.0000000E+00
-0.5911089E+01  0.6474407E-05  0.0000000E+00
-0.5891549E+01  0.6828478E-05  0.0000000E+00
-0.5872008E+01  0.7201912E-05  0.0000000E+00
-0.5852467E+01  0.7595768E-05  0.0000000E+00
-0.5832926E+01  0.8011163E-05  0.0000000E+00
-0.5813385E+01  0.8449276E-05  0.0000000E+00
-0.5793845E+01  0.8911347E-05  0.0000000E+00
-0.5774304E+01  0.9398689E-05  0.0000000E+00
-0.5754763E+01  0.9912682E-05  0.0000000E+00
-0.5735222E+01  0.1045478E-04  0.0000000E+00
-0.5715681E+01  0.1102653E-04  0.0000000E+00
-0.5696141E+01  0.1162955E-04  0.0000000E+00
-0.5676600E+01  0.1226554E-04  0.0000000E+00
-0.5657059E+01  0.1293632E-04  0.0000000E+00
-0.5637518E+01  0.1364377E-04  0.0000000E+00
-0.5617978E+01  0.1438992E-04  0.0000000E+00
-0.5598437E+01  0.1517687E-04  0.0000000E+00
-0.5578896E+01  0.1600686E-04  0.0000000E+00
-0.5559355E+01  0.1688224E-04  0.0000000E+00
-0.5539814E+01  0.1780549E-04  0.0000000E+00
-0.5520274E+01  0.1877923E-04  0.0000000E+00
-0.5500733E+01  0.1980623E-04  0.0000000E+00
-0.5481192E+01  0.2088938E-04  0.0000000E+00
-0.5461651E+01  0.2203178E-04  0.0000000E+00
-0.5442110E+01  0.2323664E-04  0.0000000E+00
-0.5422570E+01  0.2450740E-04  0.0000000E+00
-0.5403029E+01  0.2584766E-04  0.0000000E+00
-0.5383488E+01  0.2726120E-04  0.0000000E+00
-0.5363947E+01  0.2875206E-04  0.0000000E+00
-0.5344406E+01  0.3032444E-04  0.0000000E+00
-0.5324866E+01  0.3198281E-04  0.0000000E+00
-0.5305325E+01  0.3373188E-04  0.0000000E+00
-0.5285784E+01  0.3557660E-04  0.0000000E+00
-0.5266243E+01  0.3752220E-04  0.0000000E+00
-0.5246702E+01  0.3957420E-04  0.0000000E+00
-0.5227162E+01  0.4173842E-04  0.0000000E+00
-0.5207621E+01  0.4402100E-04  0.0000000E+00
-0.5188080E+01  0.4642841E-04  0.0000000E+00
-0.5168539E+01  0.4896747E-04  0.0000000E+00
-0.5148999E+01  0.5164538E-04  0.0000000E+00
-0.5129458E+01  0.5446975E-04  0.0000000E+00
-0.5109917E+01  0.5744857E-04  0.0000000E+00
-0.5090376E+01  0.6059030E-04  0.0000000E+00
-0.5070835E+01  0.6390384E-04  0.0000000E+00
-0.5051295E+01  0.6739859E-04  0.0000000E+00
-0.5031754E+01  0.7108446E-04  0.0000000E+00
-0.5012213E+01  0.7497190E-04  0.0000000E+00
-0.4992672E+01  0.7907193E-04  0.0000000E+00
-0.4973131E+01  0.8339618E-04  0.0000000E+00
-0.4953591E+01  0.8795692E-04  0.0000000E+00
-0.4934050E+01  0.9276707E-04  0.0000000E+00
-0.4914509E+01  0.9784028E-04  0.0000000E+00
-0.4894968E+01  0.1031909E-03  0.0000000E+00
-0.4875427E+01  0.1088342E-03  0.0000000E+00
-0.4855887E+01  0.1147861E-03  0.0000000E+00
-0.4836346E+01  0.1210634E-03  0.0000000E+00
-0.4816805E+01  0.1276841E-03  0.0000000E+00
-0.4797264E+01  0.1346668E-03  0.0000000E+00
-0.4777723E+01  0.1420314E-03  0.0000000E+00
-0.4758183E+01  0.1497987E-03  0.0000000E+00
-0.4738642E+01  0.1579909E-03  0.0000000E+00
-0.4719101E+01  0.1666310E-03  0.0000000E+00
-0.4699560E+01  0.1757436E-03  0.0000000E+00
-0.4680020E+01  0.1853546E-03  0.0000000E+00
-0.4660479E+01  0.1954911E-03  0.0000000E+00
-0.4640938E+01  0.2061820E-03  0.0000000E+00
-0.4621397E+01  0.2174576E-03  0.0000000E+00
-0.4601856E+01  0.2293498E-03  0.0000000E+00
-0.4582316E+01  0.2418923E-03  0.0000000E+00
-0.4562775E+01  0.2551207E-03  0.0000000E+00
-0.4543234E+01  0.2690726E-03  0.0000000E+00
-0.4523693E+01  0.2837874E-03  0.0000000E+00
-0.4504152E+01  0.2993070E-03  0.0000000E+00
-0.4484612E+01  0.3156753E-03  0.0000000E+00
-0.4465071E+01  0.3329386E-03  0.0000000E+00
-0.4445530E+01  0.3511461E-03  0.0000000E+00
-0.4425989E+01  0.3703493E-03  0.0000000E+00
-0.4406448E+01  0.3906026E-03  0.0000000E+00
-0.4386908E+01  0.4119635E-03  0.0000000E+00
-0.4367367E+01  0.4344925E-03  0.0000000E+00
-0.4347826E+01  0.4582536E-03  0.0000000E+00
-0.4328285E+01  0.4833141E-03  0.0000000E+00
-0.4308745E+01  0.5097450E-03  0.0000000E+00
-0.4289204E+01  0.5376214E-03  0.0000000E+00
-0.4269663E+01  0.5670222E-03  0.0000000E+00
-0.4250122E+01  0.5980307E-03  0.0000000E+00
-0.4230581E+01  0.6307351E-03  0.0000000E+00
-0.4211041E+01  0.6652278E-03  0.0000000E+00
-0.4191500E+01  0.7016068E-03  0.0000000E+00
-0.4171959E+01  0.7399752E-03  0.0000000E+00
-0.4152418E+01  0.7804418E-03  0.0000000E+00
-0.4132877E+01  0.8231213E-03  0.0000000E+00
-0.4113337E+01  0.8681348E-03  0.0000000E+00
-0.4093796E+01  0.9156097E-03  0.0000000E+00
-0.4074255E+01  0.9656809E-03  0.0000000E+00
-0.4054714E+01  0.1018490E-02  0.0000000E+00
-0.4035173E+01  0.1074187E-02  0.0000000E+00
-0.4015633E+01  0.1132930E-02  0.0000000E+00
-0.3996092E+01  0.1194885E-02  0.0000000E+00
-0.3976551E+01  0.1260228E-02  0.0000000E+00
-0.3957010E+01  0.1329144E-02  0.0000000E+00
-0.3937469E+01  0.1401829E-02  0.0000000E+00
-0.3917929E+01  0.1478488E-02  0.0000000E+00
-0.3898388E+01  0.1559339E-02  0.0000000E+00
-0.3878847E+01  0.1644612E-02  0.0000000E+00
-0.3859306E+01  0.1734547E-02  0.0000000E+00
-0.3839766E+01  0.1829400E-02  0.0000000E+00
-0.3820225E+01  0.1929440E-02  0.0000000E+00
-0.3800684E+01  0.2034950E-02  0.0000000E+00
-0.3781143E+01  0.2146229E-02  0.0000000E+00
-0.3761602E+01  0.2263593E-02  0.0000000E+00
-0.3742062E+01  0.2387375E-02  0.0000000E+00
-0.3722521E+01  0.2517925E-02  0.0000000E+00
-0.3702980E+01  0.2655613E-02  0.0000000E+00
-0.3683439E+01  0.2800830E-02  0.0000000E+00
-0.3663898E+01  0.2953987E-02  0.0000000E+00
-0.3644358E+01  0.3115518E-02  0.0000000E+00
-0.3624817E+01  0.3285881E-02  0.0000000E+00
-0.3605276E+01  0.3465559E-02  0.0000000E+00
-0.3585735E+01  0.3655061E-02  0.0000000E+00
-0.3566194E+01  0.3854924E-02  0.0000000E+00
-0.3546654E+01  0.4065714E-02  0.0000000E+00
-0.3527113E+01  0.4288029E-02  0.0000000E+00
-0.3507572E+01  0.4522499E-02  0.0000000E+00
-0.3488031E+01  0.4769787E-02  0.0000000E+00
-0.3468490E+01  0.5030595E-02  0.0000000E+00
-0.3448950E+01  0.5305661E-02  0.0000000E+00
-0.3429409E+01  0.5595765E-02  0.0000000E+00
-0.3409868E+01  0.5901729E-02  0.0000000E+00
-0.3390327E+01  0.6224418E-02  0.0000000E+00
-0.3370787E+01  0.6564748E-02  0.0000000E+00
-0.3351246E+01  0.6923681E-02  0.0000000E+00
-0.3331705E+01  0.7302235E-02  0.0000000E+00
-0.3312164E+01  0.7701482E-02  0.0000000E+00
-0.3292623E+01  0.8122552E-02  0.0000000E+00
-0.3273083E+01  0.8566637E-02  0.0000000E+00
-0.3253542E+01  0.9034995E-02  0.0000000E+00
-0.3234001E+01  0.9528951E-02  0.0000000E+00
-0.3214460E+01  0.1004990E-01  0.0000000E+00
-0.3194919E+01  0.1059933E-01  0.0000000E+00
-0.3175379E+01  0.1117878E-01  0.0000000E+00
-0.3155838E+01  0.1178990E-01  0.0000000E+00
-0.3136297E+01  0.1243441E-01  0.0000000E+00
-0.3116756E+01  0.1311414E-01  0.0000000E+00
-0.3097215E+01  0.1383101E-01  0.0000000E+00
-0.3077675E+01  0.1458705E-01  0.0000000E+00
-0.3058134E+01  0.1538440E-01  0.0000000E+00
-0.3038593E+01  0.1622532E-01  0.0000000E+00
-0.3019052E+01  0.1711217E-01  0.0000000E+00
-0.2999511E+01  0.1804747E-01  0.0000000E+00
-0.2979971E+01  0.1903385E-01  0.0000000E+00
-0.2960430E+01  0.2007412E-01  0.0000000E+00
-0.2940889E+01  0.2117120E-01  0.0000000E+00
-0.2921348E+01  0.2232820E-01  0.0000000E+00
-0.2901808E+01  0.2354838E-01  0.0000000E+00
-0.2882267E+01  0.2483519E-01  0.0000000E+00
-0.2862726E+01  0.2619225E-01  0.0000000E+00
-0.2843185E+01  0.2762341E-01  0.0000000E+00
-0.2823644E+01  0.2913270E-01  0.0000000E+00
-0.2804104E+01  0.3072437E-01  0.0000000E+00
-0.2784563E+01  0.3240291E-01  0.0000000E+00
-0.2765022E+01  0.3417306E-01  0.0000000E+00
-0.2745481E+01  0.3603980E-01  0.0000000E+00
-0.2725940E+01  0.3800840E-01  0.0000000E+00
-0.2706400E+01  0.4008439E-01  0.0000000E+00
-0.2686859E+01  0.4227361E-01  0.0000000E+00
-0.2667318E+01  0.4458224E-01  0.0000000E+00
-0.2647777E+01  0.4701676E-01  0.0000000E+00
-0.2628236E+01  0.4958401E-01  0.0000000E+00
-0.2608696E+01  0.5229121E-01  0.0000000E+00
-0.2589155E+01  0.5514597E-01  0.0000000E+00
-0.2569614E+01  0.5815629E-01  0.0000000E+00
-0.2550073E+01  0.6133063E-01  0.0000000E+00
-0.2530532E+01  0.6467788E-01  0.0000000E+00
-0.2510992E+01  0.6820742E-01  0.0000000E+00
-0.2491451E+01  0.7192913E-01  0.0000000E+00
-0.2471910E+01  0.7585344E-01  0.0000000E+00
-0.2452369E+01  0.7999131E-01  0.0000000E+00
-0.2432829E+01  0.8435431E-01  0.0000000E+00
-0.2413288E+01  0.8895461E-01  0.0000000E+00
-0.2393747E+01  0.9380506E-01  0.0000000E+00
-0.2374206E+01  0.9891917E-01  0.0000000E+00
-0.2354665E+01  0.1043112E+00  0.0000000E+00
-0.2335125E+01  0.1099961E+00  0.0000000E+00
-0.2315584E+01  0.1159897E+00  0.0000000E+00
-0.2296043E+01  0.1223086E+00  0.0000000E+00
-0.2276502E+01  0.1289704E+00  0.0000000E+00
-0.2256961E+01  0.1359934E+00  0.0000000E+00
-0.2237421E+01  0.1433972E+00  0.0000000E+00
-0.2217880E+01  0.1512021E+00  0.0000000E+00
-0.2198339E+01  0.1594297E+00  0.0000000E+00
-0.2178798E+01  0.1681027E+00  0.0000000E+00
-0.2159257E+01  0.1772448E+00  0.0000000E+00
-0.2139717E+01  0.1868811E+00  0.0000000E+00
-0.2120176E+01  0.1970381E+00  0.0000000E+00
-0.2100635E+01  0.2077435E+00  0.0000000E+00
-0.2081094E+01  0.2190265E+00  0.0000000E+00
-0.2061553E+01  0.2309178E+00  0.0000000E+00
-0.2042013E+01  0.2434498E+00  0.0000000E+00
-0.2022472E+01  0.2566563E+00  0.0000000E+00
-0.2002931E+01  0.2705730E+00  0.0000000E+00
-0.1983390E+01  0.2852376E+00  0.0000000E+00
-0.1963850E+01  0.3006894E+00  0.0000000E+00
-0.1944309E+01  0.3169697E+00  0.0000000E+00
-0.1924768E+01  0.3341221E+00  0.0000000E+00
-0.1905227E+01  0.3521923E+00  0.0000000E+00
-0.1885686E+01  0.3712282E+00  0.0000000E+00
-0.1866146E+01  0.3912801E+00  0.0000000E+00
-0.1846605E+01  0.4124008E+00  0.0000000E+00
-0.1827064E+01  0.4346457E+00  0.0000000E+00
-0.1807523E+01  0.4580728E+00  0.0000000E+00
-0.1787982E+01  0.4827431E+00  0.0000000E+00
-0.1768442E+01  0.5087202E+00  0.0000000E+00
-0.1748901E+01  0.5360710E+00  0.0000000E+00
-0.1729360E+01  0.5648655E+00  0.0000000E+00
-0.1709819E+01  0.5951769E+00  0.0000000E+00
-0.1690278E+01  0.6270817E+00  0.0000000E+00
-0.1670738E+01  0.6606601E+00  0.0000000E+00
-0.1651197E+01  0.6959958E+00  0.0000000E+00
-0.1631656E+01  0.7331762E+00  0.0000000E+00
-0.1612115E+01  0.7722926E+00  0.0000000E+00
-0.1592574E+01  0.8134403E+00  0.0000000E+00
-0.1573034E+01  0.8567186E+00  0.0000000E+00
-0.1553493E+01  0.9022310E+00  0.0000000E+00
-0.1533952E+01  0.9500852E+00  0.0000000E+00
-0.1514411E+01  0.1000393E+01  0.0000000E+00
-0.1494871E+01  0.1053272E+01  0.0000000E+00
-0.1475330E+01  0.1108842E+01  0.0000000E+00
-0.1455789E+01  0.1167230E+01  0.0000000E+00
-0.1436248E+01  0.1228564E+01  0.0000000E+00
-0.1416707E+01  0.1292981E+01  0.0000000E+00
-0.1397167E+01  0.1360620E+01  0.0000000E+00
-0.1377626E+01  0.1431624E+01  0.0000000E+00
-0.1358085E+01  0.1506143E+01  0.0000000E+00
-0.1338544E+01  0.1584329E+01  0.0000000E+00
-0.1319003E+01  0.1666340E+01  0.0000000E+00
-0.1299463E+01  0.1752337E+01  0.0000000E+00
-0.1279922E+01  0.1842486E+01  0.0000000E+00
-0.1260381E+01  0.1936957E+01  0.0000000E+00
-0.1240840E+01  0.2035922E+01  0.0000000E+00
-0.1221299E+01  0.2139558E+01  0.0000000E+00
-0.1201759E+01  0.2248042E+01  0.0000000E+00
-0.1182218E+01  0.2361557E+01  0.0000000E+00
-0.1162677E+01  0.2480285E+01  0.0000000E+00
-0.1143136E+01  0.2604409E+01  0.0000000E+00
-0.1123596E+01  0.2734114E+01  0.0000000E+00
-0.1104055E+01  0.2869584E+01  0.0000000E+00
-0.1084514E+01  0.3010999E+01  0.0000000E+00
-0.1064973E+01  0.3158542E+01  0.0000000E+00
-0.1045432E+01  0.3312386E+01  0.0000000E+00
-0.1025892E+01  0.3472705E+01  0.0000000E+00
-0.1006351E+01  0.3639663E+01  0.0000000E+00
-0.9868100E+00  0.3813417E+01  0.0000000E+00
-0.9672692E+00  0.3994117E+01  0.0000000E+00
-0.9477284E+00  0.4181899E+01  0.0000000E+00
-0.9281876E+00  0.4376888E+01  0.0000000E+00
-0.9086468E+00  0.4579192E+01  0.0000000E+00
-0.8891060E+00  0.4788903E+01  0.0000000E+00
-0.8695652E+00  0.5006093E+01  0.0000000E+00
-0.8500244E+00  0.5230813E+01  0.0000000E+00
-0.8304836E+00  0.5463088E+01  0.0000000E+00
-0.8109428E+00  0.5702916E+01  0.0000000E+00
-0.7914021E+00  0.5950265E+01  0.0000000E+00
-0.7718613E+00  0.6205070E+01  0.0000000E+00
-0.7523205E+00  0.6467229E+01  0.0000000E+00
-0.7327797E+00  0.6736604E+01  0.0000000E+00
-0.7132389E+00  0.7013011E+01  0.0000000E+00
-0.6936981E+00  0.7296224E+01  0.0000000E+00
-0.6741573E+00  0.7585969E+01  0.0000000E+00
-0.6546165E+00  0.7881921E+01  0.0000000E+00
-0.6350757E+00  0.8183703E+01  0.0000000E+00
-0.6155349E+00  0.8490880E+01  0.0000000E+00
-0.5959941E+00  0.8802962E+01  0.0000000E+00
-0.5764533E+00  0.9119399E+01  0.0000000E+00
-0.5569126E+00  0.9439582E+01  0.0000000E+00
-0.5373718E+00  0.9762838E+01  0.0000000E+00
-0.5178310E+00  0.1008843E+02  0.0000000E+00
-0.4982902E+00  0.1041558E+02  0.0000000E+00
-0.4787494E+00  0.1074341E+02  0.0000000E+00
-0.4592086E+00  0.1107102E+02  0.0000000E+00
-0.4396678E+00  0.1139743E+02  0.0000000E+00
-0.4201270E+00  0.1172163E+02  0.0000000E+00
-0.4005862E+00  0.1204253E+02  0.0000000E+00
-0.3810454E+00  0.1235903E+02  0.0000000E+00
-0.3615046E+00  0.1266997E+02  0.0000000E+00
-0.3419638E+00  0.1297416E+02  0.0000000E+00
-0.3224231E+00  0.1327039E+02  0.0000000E+00
-0.3028823E+00  0.1355743E+02  0.0000000E+00
-0.2833415E+00  0.1383407E+02  0.0000000E+00
-0.2638007E+00  0.1409905E+02  0.0000000E+00
-0.2442599E+00  0.1435118E+02  0.0000000E+00
-0.2247191E+00  0.1458925E+02  0.0000000E+00
-0.2051783E+00  0.1481212E+02  0.0000000E+00
-0.1856375E+00  0.1501868E+02  0.0000000E+00
-0.1660967E+00  0.1520786E+02  0.0000000E+00
-0.1465559E+00  0.1537870E+02  0.0000000E+00
-0.1270151E+00  0.1553029E+02  0.0000000E+00
-0.1074744E+00  0.1566181E+02  0.0000000E+00
-0.8793356E-01  0.1577254E+02  0.0000000E+00
-0.6839277E-01  0.1586188E+02  0.0000000E+00
-0.4885198E-01  0.1592933E+02  0.0000000E+00
-0.2931119E-01  0.1597451E+02  0.0000000E+00
-0.9770396E-02  0.1599717E+02  0.0000000E+00
 0.9770396E-02  0.1599717E+02  0.0000000E+00
 0.2931119E-01  0.1597451E+02  0.0000000E+00
 0.4885198E-01  0.1592933E+02  0.0000000E+00
 0.6839277E-01  0.1586188E+02  0.0000000E+00
 0.8793356E-01  0.1577254E+02  0.0000000E+00
 0.1074744E+00  0.1566181E+02  0.0000000E+00
 0.1270151E+00  0.1553029E+02  0.0000000E+00
 0.1465559E+00  0.1537870E+02  0.0000000E+00
 0.1660967E+00  0.1520786E+02  0.0000000E+00
 0.1856375E+00  0.1501868E+02  0.0000000E+00
 0.2051783E+00  0.1481212E+02  0.0000000E+00
 0.2247191E+00  0.1458925E+02  0.0000000E+00
 0.2442599E+00  0.1435118E+02  0.0000000E+00
 0.2638007E+00  0.1409905E+02  0.0000000E+00
 0.2833415E+00  0.1383407E+02  0.0000000E+00
 0.3028823E+00  0.1355743E+02  0.0000000E+00
 0.3224231E+00  0.1327039E+02  0.0000000E+00
 0.3419638E+00  0.1297416E+02  0.0000000E+00
 0.3615046E+00  0.1266997E+02  0.0000000E+00
 0.3810454E+00  0.1235903E+02  0.0000000E+00
 0.4005862E+00  0.1204253E+02  0.0000000E+00
 0.4201270E+00  0.1172163E+02  0.0000000E+00
 0.4396678E+00  0.1139743E+02  0.0000000E+00
 0.4592086E+00  0.1107102E+02  0.0000000E+00
 0.4787494E+00  0.1074341E+02  0.0000000E+00
 0.4982902E+00  0.1041558E+02  0.0000000E+00
 0.5178310E+00  0.1008843E+02  0.0000000E+00
 0.5373718E+00  0.9762838E+01  0.0000000E+00
 0.5569126E+00  0.9439582E+01  0.0000000E+00
 0.5764533E+00  0.9119399E+01  0.0000000E+00
 0.5959941E+00  0.8802962E+01  0.0000000E+00
 0.6155349E+00  0.8490880E+01  0.0000000E+00
 0.6350757E+00  0.8183703E+01  0.0000000E+00
 0.6546165E+00  0.7881921E+01  0.0000000E+00
 0.6741573E+00  0.7585969E+01  0.0000000E+00
 0.6936981E+00  0.7296224E+01  0.0000000E+00
 0.7132389E+00  0.7013011E+01  0.0000000E+00
 0.7327797E+00  0.6736604E+01  0.0000000E+00
 0.7523205E+00  0.6467229E+01  0.0000000E+00
 0.7718613E+00  0.6205070E+01  0.0000000E+00
 0.7914021E+00  0.5950265E+01  0.0000000E+00
 0.8109428E+00  0.5702916E+01  0.0000000E+00
 0.8304836E+00  0.5463088E+01  0.0000000E+00
 0.8500244E+00  0.5230813E+01  0.0000000E+00
 0.8695652E+00  0.5006093E+01  0.0000000E+00
 0.8891060E+00  0.4788903E+01  0.0000000E+00
 0.9086468E+00  0.4579192E+01  0.0000000E+00
 0.9281876E+00  0.4376888E+01  0.0000000E+00
 0.9477284E+00  0.4181899E+01  0.0000000E+00
 0.9672692E+00  0.3994117E+01  0.0000000E+00
 0.9868100E+00  0.3813417E+01  0.0000000E+00
 0.1006351E+01  0.3639663E+01  0.0000000E+00
 0.1025892E+01  0.3472705E+01  0.0000000E+00
 0.1045432E+01  0.3312386E+01  0.0000000E+00
 0.1064973E+01  0.3158542E+01  0.0000000E+00
 0.1084514E+01  0.3010999E+01  0.0000000E+00
 0.1104055E+01  0.2869584E+01  0.0000000E+00
 0.1123596E+01  0.2734114E+01  0.0000000E+00
 0.1143136E+01  0.2604409E+01  0.0000000E+00
 0.1162677E+01  0.2480285E+01  0.0000000E+00
 0.1182218E+01  0.2361557E+01  0.0000000E+00
 0.1201759E+01  0.2248042E+01  0.0000000E+00
 0.1221299E+01  0.2139558E+01  0.0000000E+00
 0.1240840E+01  0.2035922E+01  0.0000000E+00
 0.1260381E+01  0.1936957E+01  0.0000000E+00
 0.1279922E+01  0.1842486E+01  0.0000000E+00
 0.1299463E+01  0.1752337E+01  0.0000000E+00
 0.1319003E+01  0.1666340E+01  0.0000000E+00
 0.1338544E+01  0.1584329E+01  0.0000000E+00
 0.1358085E+01  0.1506143E+01  0.0000000E+00
 0.1377626E+01  0.1431624E+01  0.0000000E+00
 0.1397167E+01  0.1360620E+01  0.0000000E+00
 0.1416707E+01  0.1292981E+01  0.0000000E+00
 0.1436248E+01  0.1228564E+01  0.0000000E+00
 0.1455789E+01  0.1167230E+01  0.0000000E+00
 0.1475330E+01  0.1108842E+01  0.0000000E+00
 0.1494871E+01  0.1053272E+01  0.0000000E+00
 0.1514411E+01  0.1000393E+01  0.0000000E+00
 0.1533952E+01  0.9500852E+00  0.0000000E+00
 0.1553493E+01  0.9022310E+00  0.0000000E+00
 0.1573034E+01  0.8567186E+00  0.0000000E+00
 0.1592574E+01  0.8134403E+00  0.0000000E+00
 0.1612115E+01  0.7722926E+00  0.0000000E+00
 0.1631656E+01  0.7331762E+00  0.0000000E+00
 0.1651197E+01  0.6959958E+00  0.0000000E+00
 0.1670738E+01  0.6606601E+00  0.0000000E+00
 0.1690278E+01  0.6270817E+00  0.0000000E+00
 0.1709819E+01  0.5951769E+00  0.0000000E+00
 0.1729360E+01  0.5648655E+00  0.0000000E+00
 0.1748901E+01  0.5360710E+00  0.0000000E+00
 0.1768442E+01  0.5087202E+00  0.0000000E+00
 0.1787982E+01  0.4827431E+00  0.0000000E+00
 0.1807523E+01  0.4580728E+00  0.0000000E+00
 0.1827064E+01  0.4346457E+00  0.0000000E+00
 0.1846605E+01  0.4124008E+00  0.0000000E+00
 0.1866146E+01  0.3912801E+00  0.0000000E+00
 0.1885686E+01  0.3712282E+00  0.0000000E+00
 0.1905227E+01  0.3521923E+00  0.0000000E+00
 0.1924768E+01  0.3341221E+00  0.0000000E+00
 0.1944309E+01  0.3169697E+00  0.0000000E+00
 0.1963850E+01  0.3006894E+00  0.0000000E+00
 0.1983390E+01  0.2852376E+00  0.0000000E+00
 0.2002931E+01  0.2705730E+00  0.0000000E+00
 0.2022472E+01  0.2566563E+00  0.0000000E+00
 0.2042013E+01  0.2434498E+00  0.0000000E+00
 0.2061553E+01  0.2309178E+00  0.0000000E+00
 0.2081094E+01  0.2190265E+00  0.0000000E+00
 0.2100635E+01  0.2077435E+00  0.0000000E+00
 0.2120176E+01  0.1970381E+00  0.0000000E+00
 0.2139717E+01  0.1868811E+00  0.0000000E+00
 0.2159257E+01  0.1772448E+00  0.0000000E+00
 0.2178798E+01  0.1681027E+00  0.0000000E+00
 0.2198339E+01  0.1594297E+00  0.0000000E+00
 0.2217880E+01  0.1512021E+00  0.0000000E+00
 0.2237421E+01  0.1433972E+00  0.0000000E+00
 0.2256961E+01  0.1359934E+00  0.0000000E+00
 0.2276502E+01  0.1289704E+00  0.0000000E+00
 0.2296043E+01  0.1223086E+00  0.0000000E+00
 0.2315584E+01  0.1159897E+00  0.0000000E+00
 0.2335125E+01  0.1099961E+00  0.0000000E+00
 0.2354665E+01  0.1043112E+00  0.0000000E+00
 0.2374206E+01  0.9891917E-01  0.0000000E+00
 0.2393747E+01  0.9380506E-01  0.0000000E+00
 0.2413288E+01  0.8895461E-01  0.0000000E+00
 0.2432829E+01  0.8435431E-01  0.0000000E+00
 0.2452369E+01  0.7999131E-01  0.0000000E+00
 0.2471910E+01  0.7585344E-01  0.0000000E+00
 0.2491451E+01  0.7192913E-01  0.0000000E+00
 0.2510992E+01  0.6820742E-01  0.0000000E+00
 0.2530532E+01  0.6467788E-01  0.0000000E+00
 0.2550073E+01  0.6133063E-01  0.0000000E+00
 0.2569614E+01  0.5815629E-01  0.0000000E+00
 0.2589155E+01  0.5514597E-01  0.0000000E+00
 0.2608696E+01  0.5229121E-01  0.0000000E+00
 0.2628236E+01  0.4958401E-01  0.0000000E+00
 0.2647777E+01  0.4701676E-01  0.0000000E+00
 0.2667318E+01  0.4458224E-01  0.0000000E+00
 0.2686859E+01  0.4227361E-01  0.0000000E+00
 0.2706400E+01  0.4008439E-01  0.0000000E+00
 0.2725940E+01  0.3800840E-01  0.0000000E+00
 0.2745481E+01  0.3603980E-01  0.0000000E+00
 0.2765022E+01  0.3417306E-01  0.0000000E+00
 0.2784563E+01  0.3240291E-01  0.0000000E+00
 0.2804104E+01  0.3072437E-01  0.0000000E+00
 0.2823644E+01  0.2913270E-01  0.0000000E+00
 0.2843185E+01  0.2762341E-01  0.0000000E+00
 0.2862726E+01  0.2619225E-01  0.0000000E+00
 0.2882267E+01  0.2483519E-01  0.0000000E+00
 0.2901808E+01  0.2354838E-01  0.0000000E+00
 0.2921348E+01  0.2232820E-01  0.0000000E+00
 0.2940889E+01  0.2117120E-01  0.0000000E+00
 0.2960430E+01  0.2007412E-01  0.0000000E+00
 0.2979971E+01  0.1903385E-01  0.0000000E+00
 0.2999511E+01  0.1804747E-01  0.0000000E+00
 0.3019052E+01  0.1711217E-01  0.0000000E+00
 0.3038593E+01  0.1622532E-01  0.0000000E+00
 0.3058134E+01  0.1538440E-01  0.0000000E+00
 0.3077675E+01  0.1458705E-01  0.0000000E+00
 0.3097215E+01  0.1383101E-01  0.0000000E+00
 0.3116756E+01  0.1311414E-01  0.0000000E+00
 0.3136297E+01  0.1243441E-01  0.0000000E+00
 0.3155838E+01  0.1178990E-01  0.0000000E+00
 0.3175379E+01  0.1117878E-01  0.0000000E+00
 0.3194919E+01  0.1059933E-01  0.0000000E+00
 0.3214460E+01  0.1004990E-01  0.0000000E+00
 0.3234001E+01  0.9528951E-02  0.0000000E+00
 0.3253542E+01  0.9034995E-02  0.0000000E+00
 0.3273083E+01  0.8566637E-02  0.0000000E+00
 0.3292623E+01  0.8122552E-02  0.0000000E+00
 0.3312164E+01  0.7701482E-02  0.0000000E+00
 0.3331705E+01  0.7302235E-02  0.0000000E+00
 0.3351246E+01  0.6923681E-02  0.0000000E+00
 0.3370787E+01  0.6564748E-02  0.0000000E+00
 0.3390327E+01  0.6224418E-02  0.0000000E+00
 0.3409868E+01  0.5901729E-02  0.0000000E+00
 0.3429409E+01  0.5595765E-02  0.0000000E+00
 0.3448950E+01  0.5305661E-02  0.0000000E+00
 0.3468490E+01  0.5030595E-02  0.0000000E+00
 0.3488031E+01  0.4769787E-02  0.0000000E+00
 0.3507572E+01  0.4522499E-02  0.0000000E+00
 0.3527113E+01  0.4288029E-02  0.0000000E+00
 0.3546654E+01  0.4065714E-02  0.0000000E+00
 0.3566194E+01  0.3854924E-02  0.0000000E+00
 0.3585735E+01  0.3655061E-02  0.0000000E+00
 0.3605276E+01  0.3465559E-02  0.0000000E+00
 0.3624817E+01  0.3285881E-02  0.0000000E+00
 0.3644358E+01  0.3115518E-02  0.0000000E+00
 0.3663898E+01  0.2953987E-02  0.0000000E+00
 0.3683439E+01  0.2800830E-02  0.0000000E+00
 0.3702980E+01  0.2655613E-02  0.0000000E+00
 0.3722521E+01  0.2517925E-02  0.0000000E+00
 0.3742062E+01  0.2387375E-02  0.0000000E+00
 0.3761602E+01  0.2263593E-02  0.0000000E+00
 0.3781143E+01  0.2146229E-02  0.0000000E+00
 0.3800684E+01  0.2034950E-02  0.0000000E+00
 0.3820225E+01  0.1929440E-02  0.0000000E+00
 0.3839766E+01  0.1829400E-02  0.0000000E+00
 0.3859306E+01  0.1734547E-02  0.0000000E+00
 0.3878847E+01  0.1644612E-02  0.0000000E+00
 0.3898388E+01  0.1559339E-02  0.0000000E+00
 0.3917929E+01  0.1478488E-02  0.0000000E+00
 0.3937469E+01  0.1401829E-02  0.0000000E+00
 0.3957010E+01  0.1329144E-02  0.0000000E+00
 0.3976551E+01  0.1260228E-02  0.0000000E+00
 0.3996092E+01  0.1194885E-02  0.0000000E+00
 0.4015633E+01  0.1132930E-02  0.0000000E+00
 0.4035173E+01  0.1074187E-02  0.0000000E+00
 0.4054714E+01  0.1018490E-02  0.0000000E+00
 0.4074255E+01  0.9656809E-03  0.0000000E+00
 0.4093796E+01  0.9156097E-03  0.0000000E+00
 0.4113337E+01  0.8681348E-03  0.0000000E+00
 0.4132877E+01  0.8231213E-03  0.0000000E+00
 0.4152418E+01  0.7804418E-03  0.0000000E+00
 0.4171959E+01  0.7399752E-03  0.0000000E+00
 0.4191500E+01  0.7016068E-03  0.0000000E+00
 0.4211041E+01  0.6652278E-03  0.0000000E+00
 0.4230581E+01  0.6307351E-03  0.0000000E+00
 0.4250122E+01  0.5980307E-03  0.0000000E+00
 0.4269663E+01  0.5670222E-03  0.0000000E+00
 0.4289204E+01  0.5376214E-03  0.0000000E+00
 0.4308745E+01  0.5097450E-03  0.0000000E+00
 0.4328285E+01  0.4833141E-03  0.0000000E+00
 0.4347826E+01  0.4582536E-03  0.0000000E+00
 0.4367367E+01  0.4344925E-03  0.0000000E+00
 0.4386908E+01  0.4119635E-03  0.0000000E+00
 0.4406448E+01  0.3906026E-03  0.0000000E+00
 0.4425989E+01  0.3703493E-03  0.0000000E+00
 0.4445530E+01  0.3511461E-03  0.0000000E+00
 0.4465071E+01  0.3329386E-03  0.0000000E+00
 0.4484612E+01  0.3156753E-03  0.0000000E+00
 0.4504152E+01  0.2993070E-03  0.0000000E+00
 0.4523693E+01  0.2837874E-03  0.0000000E+00
 0.4543234E+01  0.2690726E-03  0.0000000E+00
 0.4562775E+01  0.2551207E-03  0.0000000E+00
 0.4582316E+01  0.2418923E-03  0.0000000E+00
 0.4601856E+01  0.2293498E-03  0.0000000E+00
 0.4621397E+01  0.2174576E-03  0.0000000E+00
 0.4640938E+01  0.2061820E-03  0.0000000E+00
 0.4660479E+01  0.1954911E-03  0.0000000E+00
 0.4680020E+01  0.1853546E-03  0.0000000E+00
 0.4699560E+01  0.1757436E-03  0.0000000E+00
 0.4719101E+01  0.1666310E-03  0.0000000E+00
 0.4738642E+01  0.1579909E-03  0.0000000E+00
 0.4758183E+01  0.1497987E-03  0.0000000E+00
 0.4777723E+01  0.1420314E-03  0.0000000E+00
 0.4797264E+01  0.1346668E-03  0.0000000E+00
 0.4816805E+01  0.1276841E-03  0.0000000E+00
 0.4836346E+01  0.1210634E-03  0.0000000E+00
 0.4855887E+01  0.1147861E-03  0.0000000E+00
 0.4875427E+01  0.1088342E-03  0.0000000E+00
 0.4894968E+01  0.1031909E-03  0.0000000E+00
 0.4914509E+01  0.9784028E-04  0.0000000E+00
 0.4934050E+01  0.9276707E-04  0.0000000E+00
 0.4953591E+01  0.8795692E-04  0.0000000E+00
 0.4973131E+01  0.8339618E-04  0.0000000E+00
 0.4992672E+01  0.7907193E-04  0.0000000E+00
 0.5012213E+01  0.7497190E-04  0.0000000E+00
 0.5031754E+01  0.7108446E-04  0.0000000E+00
 0.5051295E+01  0.6739859E-04  0.0000000E+00
 0.5070835E+01  0.6390384E-04  0.0000000E+00
 0.5090376E+01  0.6059030E-04  0.0000000E+00
 0.5109917E+01  0.5744857E-04  0.0000000E+00
 0.5129458E+01  0.5446975E-04  0.0000000E+00
 0.5148999E+01  0.5164538E-04  0.0000000E+00
 0.5168539E+01  0.4896747E-04  0.0000000E+00
 0.5188080E+01  0.4642841E-04  0.0000000E+00
 0.5207621E+01  0.4402100E-04  0.0000000E+00
 0.5227162E+01  0.4173842E-04  0.0000000E+00
 0.5246702E+01  0.3957420E-04  0.0000000E+00
 0.5266243E+01  0.3752220E-04  0.0000000E+00
 0.5285784E+01  0.3557660E-04  0.0000000E+00
 0.5305325E+01  0.3373188E-04  0.0000000E+00
 0.5324866E+01  0.3198281E-04  0.0000000E+00
 0.5344406E+01  0.3032444E-04  0.0000000E+00
 0.5363947E+01  0.2875206E-04  0.0000000E+00
 0.5383488E+01  0.2726120E-04  0.0000000E+00
 0.5403029E+01  0.2584766E-04  0.0000000E+00
 0.5422570E+01  0.2450740E-04  0.0000000E+00
 0.5442110E+01  0.2323664E-04  0.0000000E+00
 0.5461651E+01  0.2203178E-04  0.0000000E+00
 0.5481192E+01  0.2088938E-04  0.0000000E+00
 0.5500733E+01  0.1980623E-04  0.0000000E+00
 0.5520274E+01  0.1877923E-04  0.0000000E+00
 0.5539814E+01  0.1780549E-04  0.0000000E+00
 0.5559355E+01  0.1688224E-04  0.0000000E+00
 0.5578896E+01  0.1600686E-04  0.0000000E+00
 0.5598437E+01  0.1517687E-04  0.0000000E+00
 0.5617978E+01  0.1438992E-04  0.0000000E+00
 0.5637518E+01  0.1364377E-04  0.0000000E+00
 0.5657059E+01  0.1293632E-04  0.0000000E+00
 0.5676600E+01  0.1226554E-04  0.0000000E+00
 0.5696141E+01  0.1162955E-04  0.0000000E+00
 0.5715681E+01  0.1102653E-04  0.0000000E+00
 0.5735222E+01  0.1045478E-04  0.0000000E+00
 0.5754763E+01  0.9912682E-05  0.0000000E+00
 0.5774304E+01  0.9398689E-05  0.0000000E+00
 0.5793845E+01  0.8911347E-05  0.0000000E+00
 0.5813385E+01  0.8449276E-05  0.0000000E+00
 0.5832926E+01  0.8011163E-05  0.0000000E+00
 0.5852467E+01  0.7595768E-05  0.0000000E+00
 0.5872008E+01  0.7201912E-05  0.0000000E+00
 0.5891549E+01  0.6828478E-05  0.0000000E+00
 0.5911089E+01  0.6474407E-05  0.0000000E+00
 0.5930630E+01  0.6138696E-05  0.0000000E+00
 0.5950171E+01  0.5820392E-05  0.0000000E+00
 0.5969712E+01  0.5518592E-05  0.0000000E+00
 0.5989253E+01  0.5232442E-05  0.0000000E+00
 0.6008793E+01  0.4961129E-05  0.0000000E+00
 0.6028334E+01  0.4703884E-05  0.0000000E+00
 0.6047875E+01  0.4459978E-05  0.0000000E+00
 0.6067416E+01  0.4228719E-05  0.0000000E+00
 0.6086957E+01  0.4009451E-05  0.0000000E+00
 0.6106497E+01  0.3801553E-05  0.0000000E+00
 0.6126038E+01  0.3604435E-05  0.0000000E+00
 0.6145579E+01  0.3417537E-05  0.0000000E+00
 0.6165120E+01  0.3240331E-05  0.0000000E+00
 0.6184660E+01  0.3072313E-05  0.0000000E+00
 0.6204201E+01  0.2913007E-05  0.0000000E+00
 0.6223742E+01  0.2761962E-05  0.0000000E+00
 0.6243283E+01  0.2618748E-05  0.0000000E+00
 0.6262824E+01  0.2482961E-05  0.0000000E+00
 0.6282364E+01  0.2354214E-05  0.0000000E+00
 0.6301905E+01  0.2232143E-05  0.0000000E+00
 0.6321446E+01  0.2116402E-05  0.0000000E+00
 0.6340987E+01  0.2006662E-05  0.0000000E+00
 0.6360528E+01  0.1902613E-05  0.0000000E+00
 0.6380068E+01  0.1803958E-05  0.0000000E+00
 0.6399609E+01  0.1710419E-05  0.0000000E+00
 0.6419150E+01  0.1621730E-05  0.0000000E+00
 0.6438691E+01  0.1537640E-05  0.0000000E+00
 0.6458232E+01  0.1457910E-05  0.0000000E+00
 0.6477772E+01  0.1382315E-05  0.0000000E+00
 0.6497313E+01  0.1310639E-05  0.0000000E+00
 0.6516854E+01  0.1242680E-05  0.0000000E+00
 0.6536395E+01  0.1178244E-05  0.0000000E+00
 0.6555936E+01  0.1117150E-05  0.0000000E+00
 0.6575476E+01  0.1059223E-05  0.0000000E+00
 0.6595017E+01  0.1004300E-05  0.0000000E+00
 0.6614558E+01  0.9522252E-06  0.0000000E+00
 0.6634099E+01  0.9028503E-06  0.0000000E+00
 0.6653639E+01  0.8560357E-06  0.0000000E+00
 0.6673180E+01  0.8116485E-06  0.0000000E+00
 0.6692721E+01  0.7695628E-06  0.0000000E+00
 0.6712262E+01  0.7296594E-06  0.0000000E+00
 0.6731803E+01  0.6918250E-06  0.0000000E+00
 0.6751343E+01  0.6559525E-06  0.0000000E+00
 0.6770884E+01  0.6219400E-06  0.0000000E+00
 0.6790425E+01  0.5896911E-06  0.0000000E+00
 0.6809966E+01  0.5591144E-06  0.0000000E+00
 0.6829507E+01  0.5301231E-06  0.0000000E+00
 0.6849047E+01  0.5026352E-06  0.0000000E+00
 0.6868588E+01  0.4765725E-06  0.0000000E+00
 0.6888129E+01  0.4518612E-06  0.0000000E+00
 0.6907670E+01  0.4284313E-06  0.0000000E+00
 0.6927211E+01  0.4062162E-06  0.0000000E+00
 0.6946751E+01  0.3851531E-06  0.0000000E+00
 0.6966292E+01  0.3651821E-06  0.0000000E+00
 0.6985833E+01  0.3462466E-06  0.0000000E+00
 0.7005374E+01  0.3282930E-06  0.0000000E+00
 0.7024915E+01  0.3112704E-06  0.0000000E+00
 0.7044455E+01  0.2951303E-06  0.0000000E+00
 0.7063996E+01  0.2798272E-06  0.0000000E+00
 0.7083537E+01  0.2653176E-06  0.0000000E+00
 0.7103078E+01  0.2515603E-06  0.0000000E+00
 0.7122618E+01  0.2385164E-06  0.0000000E+00
 0.7142159E+01  0.2261488E-06  0.0000000E+00
 0.7161700E+01  0.2144226E-06  0.0000000E+00
 0.7181241E+01  0.2033043E-06  0.0000000E+00
 0.7200782E+01  0.1927626E-06  0.0000000E+00
 0.7220322E+01  0.1827674E-06  0.0000000E+00
 0.7239863E+01  0.1732905E-06  0.0000000E+00
 0.7259404E+01  0.1643051E-06  0.0000000E+00
 0.7278945E+01  0.1557855E-06  0.0000000E+00
 0.7298486E+01  0.1477077E-06  0.0000000E+00
 0.7318026E+01  0.1400488E-06  0.0000000E+00
 0.7337567E+01  0.1327869E-06  0.0000000E+00
 0.7357108E+01  0.1259017E-06  0.0000000E+00
 0.7376649E+01  0.1193734E-06  0.0000000E+00
 0.7396190E+01  0.1131836E-06  0.0000000E+00
 0.7415730E+01  0.1073148E-06  0.0000000E+00
 0.7435271E+01  0.1017503E-06  0.0000000E+00
 0.7454812E+01  0.9647437E-07  0.0000000E+00
 0.7474353E+01  0.9147198E-07  0.0000000E+00
 0.7493894E+01  0.8672896E-07  0.0000000E+00
 0.7513434E+01  0.8223189E-07  0.0000000E+00
 0.7532975E+01  0.7796799E-07  0.0000000E+00
 0.7552516E+01  0.7392519E-07  0.0000000E+00
 0.7572057E+01  0.7009202E-07  0.0000000E+00
 0.7591597E+01  0.6645760E-07  0.0000000E+00
 0.7611138E+01  0.6301164E-07  0.0000000E+00
 0.7630679E+01  0.5974435E-07  0.0000000E+00
 0.7650220E+01  0.5664648E-07  0.0000000E+00
 0.7669761E+01  0.5370925E-07  0.0000000E+00
 0.7689301E+01  0.5092431E-07  0.0000000E+00
 0.7708842E+01  0.4828378E-07  0.0000000E+00
 0.7728383E+01  0.4578017E-07  0.0000000E+00
 0.7747924E+01  0.4340637E-07  0.0000000E+00
 0.7767465E+01  0.4115566E-07  0.0000000E+00
 0.7787005E+01  0.3902165E-07  0.0000000E+00
 0.7806546E+01  0.3699830E-07  0.0000000E+00
 0.7826087E+01  0.3507986E-07  0.0000000E+00
 0.7845628E+01  0.3326090E-07  0.0000000E+00
 0.7865169E+01  0.3153625E-07  0.0000000E+00
 0.7884709E+01  0.2990103E-07  0.0000000E+00
 0.7904250E+01  0.2835060E-07  0.0000000E+00
 0.7923791E+01  0.2688056E-07  0.0000000E+00
 0.7943332E+01  0.2548675E-07  0.0000000E+00
 0.7962872E+01  0.2416521E-07  0.0000000E+00
 0.7982413E+01  0.2291219E-07  0.0000000E+00
 0.8001954E+01  0.2172415E-07  0.0000000E+00
 0.8021495E+01  0.2059771E-07  0.0000000E+00
 0.8041036E+01  0.1952967E-07  0.0000000E+00
 0.8060576E+01  0.1851702E-07  0.0000000E+00
 0.8080117E+01  0.1755687E-07  0.0000000E+00
 0.8099658E+01  0.1664651E-07  0.0000000E+00
 0.8119199E+01  0.1578336E-07  0.0000000E+00
 0.8138740E+01  0.1496496E-07  0.0000000E+00
 0.8158280E+01  0.1418899E-07  0.0000000E+00
 0.8177821E+01  0.1345326E-07  0.0000000E+00
 0.8197362E+01  0.1275568E-07  0.0000000E+00
 0.8216903E+01  0.1209428E-07  0.0000000E+00
 0.8236444E+01  0.1146716E-07  0.0000000E+00
 0.8255984E+01  0.1087257E-07  0.0000000E+00
 0.8275525E+01  0.1030880E-07  0.0000000E+00
 0.8295066E+01  0.9774268E-08  0.0000000E+00
 0.8314607E+01  0.9267452E-08  0.0000000E+00
 0.8334148E+01  0.8786915E-08  0.0000000E+00
 0.8353688E+01  0.8331296E-08  0.0000000E+00
 0.8373229E+01  0.7899301E-08  0.0000000E+00
 0.8392770E+01  0.7489705E-08  0.0000000E+00
 0.8412311E+01  0.7101349E-08  0.0000000E+00
 0.8431851E+01  0.6733129E-08  0.0000000E+00
 0.8451392E+01  0.6384002E-08  0.0000000E+00
 0.8470933E+01  0.6052979E-08  0.0000000E+00
 0.8490474E+01  0.5739119E-08  0.0000000E+00
 0.8510015E+01  0.5441534E-08  0.0000000E+00
 0.8529555E+01  0.5159379E-08  0.0000000E+00
 0.8549096E+01  0.4891855E-08  0.0000000E+00
 0.8568637E+01  0.4638202E-08  0.0000000E+00
 0.8588178E+01  0.4397701E-08  0.0000000E+00
 0.8607719E+01  0.4169671E-08  0.0000000E+00
 0.8627259E+01  0.3953465E-08  0.0000000E+00
 0.8646800E+01  0.3748470E-08  0.0000000E+00
 0.8666341E+01  0.3554104E-08  0.0000000E+00
 0.8685882E+01  0.3369816E-08  0.0000000E+00
 0.8705423E+01  0.3195084E-08  0.0000000E+00
 0.8724963E+01  0.3029413E-08  0.0000000E+00
 0.8744504E+01  0.2872331E-08  0.0000000E+00
 0.8764045E+01  0.2723395E-08  0.0000000E+00
 0.8783586E+01  0.2582181E-08  0.0000000E+00
 0.8803127E+01  0.2448290E-08  0.0000000E+00
 0.8822667E+01  0.2321341E-08  0.0000000E+00
 0.8842208E+01  0.2200975E-08  0.0000000E+00
 0.8861749E+01  0.2086850E-08  0.0000000E+00
 0.8881290E+01  0.1978642E-08  0.0000000E+00
 0.8900830E+01  0.1876045E-08  0.0000000E+00
 0.8920371E+01  0.1778768E-08  0.0000000E+00
 0.8939912E+01  0.1686536E-08  0.0000000E+00
 0.8959453E+01  0.1599085E-08  0.0000000E+00
 0.8978994E+01  0.1516169E-08  0.0000000E+00
 0.8998534E+01  0.1437553E-08  0.0000000E+00
 0.9018075E+01  0.1363013E-08  0.0000000E+00
 0.9037616E+01  0.1292338E-08  0.0000000E+00
 0.9057157E+01  0.1225327E-08  0.0000000E+00
 0.9076698E+01  0.1161792E-08  0.0000000E+00
 0.9096238E+01  0.1101550E-08  0.0000000E+00
 0.9115779E+01  0.1044433E-08  0.0000000E+00
 0.9135320E+01  0.9902766E-09  0.0000000E+00
 0.9154861E+01  0.9389287E-09  0.0000000E+00
 0.9174402E+01  0.8902433E-09  0.0000000E+00
 0.9193942E+01  0.8440824E-09  0.0000000E+00
 0.9213483E+01  0.8003149E-09  0.0000000E+00
 0.9233024E+01  0.7588169E-09  0.0000000E+00
 0.9252565E+01  0.7194707E-09  0.0000000E+00
 0.9272106E+01  0.6821647E-09  0.0000000E+00
 0.9291646E+01  0.6467930E-09  0.0000000E+00
 0.9311187E+01  0.6132555E-09  0.0000000E+00
 0.9330728E+01  0.5814569E-09  0.0000000E+00
 0.9350269E+01  0.5513071E-09  0.0000000E+00
 0.9369809E+01  0.5227207E-09  0.0000000E+00
 0.9389350E+01  0.4956166E-09  0.0000000E+00
 0.9408891E+01  0.4699178E-09  0.0000000E+00
 0.9428432E+01  0.4455516E-09  0.0000000E+00
 0.9447973E+01  0.4224488E-09  0.0000000E+00
 0.9467513E+01  0.4005440E-09  0.0000000E+00
 0.9487054E+01  0.3797750E-09  0.0000000E+00
 0.9506595E+01  0.3600828E-09  0.0000000E+00
 0.9526136E+01  0.3414118E-09  0.0000000E+00
 0.9545677E+01  0.3237089E-09  0.0000000E+00
 0.9565217E+01  0.3069239E-09  0.0000000E+00
 0.9584758E+01  0.2910093E-09  0.0000000E+00
 0.9604299E+01  0.2759198E-09  0.0000000E+00
 0.9623840E+01  0.2616128E-09  0.0000000E+00
 0.9643381E+01  0.2480476E-09  0.0000000E+00
 0.9662921E+01  0.2351859E-09  0.0000000E+00
 0.9682462E+01  0.2229910E-09  0.0000000E+00
 0.9702003E+01  0.2114284E-09  0.0000000E+00
 0.9721544E+01  0.2004654E-09  0.0000000E+00
 0.9741085E+01  0.1900709E-09  0.0000000E+00
 0.9760625E+01  0.1802153E-09  0.0000000E+00
 0.9780166E+01  0.1708708E-09  0.0000000E+00
 0.9799707E+01  0.1620108E-09  0.0000000E+00
 0.9819248E+01  0.1536102E-09  0.0000000E+00
 0.9838788E+01  0.1456452E-09  0.0000000E+00
 0.9858329E+01  0.1380932E-09  0.0000000E+00
 0.9877870E+01  0.1309328E-09  0.0000000E+00
 0.9897411E+01  0.1241436E-09  0.0000000E+00
 0.9916952E+01  0.1177065E-09  0.0000000E+00
 0.9936492E+01  0.1116032E-09  0.0000000E+00
 0.9956033E+01  0.1058163E-09  0.0000000E+00
 0.9975574E+01  0.1003295E-09  0.0000000E+00
 0.9995115E+01  0.9512724E-10  0.0000000E+00
 0.1001466E+02  0.9019470E-10  0.0000000E+00
 0.1003420E+02  0.8551792E-10  0.0000000E+00
 0.1005374E+02  0.8108363E-10  0.0000000E+00
 0.1007328E+02  0.7687928E-10  0.0000000E+00
 0.1009282E+02  0.7289293E-10  0.0000000E+00
 0.1011236E+02  0.6911328E-10  0.0000000E+00
 0.1013190E+02  0.6552961E-10  0.0000000E+00
 0.1015144E+02  0.6213177E-10  0.0000000E+00
 0.1017098E+02  0.5891011E-10  0.0000000E+00
 0.1019052E+02  0.5585549E-10  0.0000000E+00
 0.1021006E+02  0.5295927E-10  0.0000000E+00
 0.1022960E+02  0.5021322E-10  0.0000000E+00
 0.1024915E+02  0.4760956E-10  0.0000000E+00
 0.1026869E+02  0.4514091E-10  0.0000000E+00
 0.1028823E+02  0.4280026E-10  0.0000000E+00
 0.1030777E+02  0.4058098E-10  0.0000000E+00
 0.1032731E+02  0.3847677E-10  0.0000000E+00
 0.1034685E+02  0.3648167E-10  0.0000000E+00
 0.1036639E+02  0.3459002E-10  0.0000000E+00
 0.1038593E+02  0.3279645E-10  0.0000000E+00
 0.1040547E+02  0.3109589E-10  0.0000000E+00
 0.1042501E+02  0.2948350E-10  0.0000000E+00
 0.1044455E+02  0.2795472E-10  0.0000000E+00
 0.1046409E+02  0.2650521E-10  0.0000000E+00
 0.1048363E+02  0.2513086E-10  0.0000000E+00
 0.1050318E+02  0.2382778E-10  0.0000000E+00
 0.1052272E+02  0.2259226E-10  0.0000000E+00
 0.1054226E+02  0.2142080E-10  0.0000000E+00
 0.1056180E+02  0.2031009E-10  0.0000000E+00
 0.1058134E+02  0.1925697E-10  0.0000000E+00
 0.1060088E+02  0.1825845E-10  0.0000000E+00
 0.1062042E+02  0.1731171E-10  0.0000000E+00
 0.1063996E+02  0.1641407E-10  0.0000000E+00
 0.1065950E+02  0.1556296E-10  0.0000000E+00
 0.1067904E+02  0.1475599E-10  0.0000000E+00
 0.1069858E+02  0.1399086E-10  0.0000000E+00
 0.1071812E+02  0.1326541E-10  0.0000000E+00
 0.1073766E+02  0.1257757E-10  0.0000000E+00
 0.1075721E+02  0.1192540E-10  0.0000000E+00
 0.1077675E+02  0.1130704E-10  0.0000000E+00
 0.1079629E+02  0.1072075E-10  0.0000000E+00
 0.1081583E+02  0.1016485E-10  0.0000000E+00
 0.1083537E+02  0.9637784E-11  0.0000000E+00
 0.1085491E+02  0.9138045E-11  0.0000000E+00
 0.1087445E+02  0.8664218E-11  0.0000000E+00
 0.1089399E+02  0.8214961E-11  0.0000000E+00
 0.1091353E+02  0.7788998E-11  0.0000000E+00
 0.1093307E+02  0.7385122E-11  0.0000000E+00
 0.1095261E+02  0.7002188E-11  0.0000000E+00
 0.1097215E+02  0.6639110E-11  0.0000000E+00
 0.1099170E+02  0.6294859E-11  0.0000000E+00
 0.1101124E+02  0.5968457E-11  0.0000000E+00
 0.1103078E+02  0.5658980E-11  0.0000000E+00
 0.1105032E+02  0.5365550E-11  0.0000000E+00
 0.1106986E+02  0.5087336E-11  0.0000000E+00
 0.1108940E+02  0.4823547E-11  0.0000000E+00
 0.1110894E+02  0.4573436E-11  0.0000000E+00
 0.1112848E+02  0.4336294E-11  0.0000000E+00
 0.1114802E+02  0.4111448E-11  0.0000000E+00
 0.1116756E+02  0.3898261E-11  0.0000000E+00
 0.1118710E+02  0.3696128E-11  0.0000000E+00
 0.1120664E+02  0.3504476E-11  0.0000000E+00
 0.1122618E+02  0.3322762E-11  0.0000000E+00
 0.1124573E+02  0.3150469E-11  0.0000000E+00
 0.1126527E+02  0.2987111E-11  0.0000000E+00
 0.1128481E+02  0.2832223E-11  0.0000000E+00
 0.1130435E+02  0.2685367E-11  0.0000000E+00
 0.1132389E+02  0.2546125E-11  0.0000000E+00
 0.1134343E+02  0.2414103E-11  0.0000000E+00
 0.1136297E+02  0.2288927E-11  0.0000000E+00
 0.1138251E+02  0.2170241E-11  0.0000000E+00
 0.1140205E+02  0.2057710E-11  0.0000000E+00
 0.1142159E+02  0.1951013E-11  0.0000000E+00
 0.1144113E+02  0.1849849E-11  0.0000000E+00
 0.1146067E+02  0.1753930E-11  0.0000000E+00
 0.1148021E+02  0.1662986E-11  0.0000000E+00
 0.1149976E+02  0.1576756E-11  0.0000000E+00
 0.1151930E+02  0.1494998E-11  0.0000000E+00
 0.1153884E+02  0.1417479E-11  0.0000000E+00
 0.1155838E+02  0.1343980E-11  0.0000000E+00
 0.1157792E+02  0.1274292E-11  0.0000000E+00
 0.1159746E+02  0.1208217E-11  0.0000000E+00
 0.1161700E+02  0.1145569E-11  0.0000000E+00
 0.1163654E+02  0.1086169E-11  0.0000000E+00
 0.1165608E+02  0.1029849E-11  0.0000000E+00
 0.1167562E+02  0.9764488E-12  0.0000000E+00
 0.1169516E+02  0.9258179E-12  0.0000000E+00
 0.1171470E+02  0.8778123E-12  0.0000000E+00
 0.1173425E+02  0.8322959E-12  0.0000000E+00
 0.1175379E+02  0.7891397E-12  0.0000000E+00
 0.1177333E+02  0.7482211E-12  0.0000000E+00
 0.1179287E+02  0.7094243E-12  0.0000000E+00
 0.1181241E+02  0.6726392E-12  0.0000000E+00
 0.1183195E+02  0.6377615E-12  0.0000000E+00
 0.1185149E+02  0.6046922E-12  0.0000000E+00
 0.1187103E+02  0.5733377E-12  0.0000000E+00
 0.1189057E+02  0.5436089E-12  0.0000000E+00
 0.1191011E+02  0.5154217E-12  0.0000000E+00
 0.1192965E+02  0.4886960E-12  0.0000000E+00
 0.1194919E+02  0.4633561E-12  0.0000000E+00
 0.1196873E+02  0.4393301E-12  0.0000000E+00
 0.1198828E+02  0.4165499E-12  0.0000000E+00
 0.1200782E+02  0.3949509E-12  0.0000000E+00
 0.1202736E+02  0.3744719E-12  0.0000000E+00
 0.1204690E+02  0.3550548E-12  0.0000000E+00
 0.1206644E+02  0.3366445E-12  0.0000000E+00
 0.1208598E+02  0.3191887E-12  0.0000000E+00
 0.1210552E+02  0.3026381E-12  0.0000000E+00
 0.1212506E+02  0.2869457E-12  0.0000000E+00
 0.1214460E+02  0.2720670E-12  0.0000000E+00
 0.1216414E+02  0.2579598E-12  0.0000000E+00
 0.1218368E+02  0.2445840E-12  0.0000000E+00
 0.1220322E+02  0.2319018E-12  0.0000000E+00
 0.1222277E+02  0.2198772E-12  0.0000000E+00
 0.1224231E+02  0.2084761E-12  0.0000000E+00
 0.1226185E+02  0.1976662E-12  0.0000000E+00
 0.1228139E+02  0.1874168E-12  0.0000000E+00
 0.1230093E+02  0.1776989E-12  0.0000000E+00
 0.1232047E+02  0.1684848E-12  0.0000000E+00
 0.1234001E+02  0.1597485E-12  0.0000000E+00
 0.1235955E+02  0.1514652E-12  0.0000000E+00
 0.1237909E+02  0.1436114E-12  0.0000000E+00
 0.1239863E+02  0.1361649E-12  0.0000000E+00
 0.1241817E+02  0.1291045E-12  0.0000000E+00
 0.1243771E+02  0.1224101E-12  0.0000000E+00
 0.1245725E+02  0.1160629E-12  0.0000000E+00
 0.1247680E+02  0.1100448E-12  0.0000000E+00
 0.1249634E+02  0.1043388E-12  0.0000000E+00
 0.1251588E+02  0.9892857E-13  0.0000000E+00
 0.1253542E+02  0.9379892E-13  0.0000000E+00
 0.1255496E+02  0.8893525E-13  0.0000000E+00
 0.1257450E+02  0.8432378E-13  0.0000000E+00
 0.1259404E+02  0.7995141E-13  0.0000000E+00
 0.1261358E+02  0.7580577E-13  0.0000000E+00
 0.1263312E+02  0.7187508E-13  0.0000000E+00
 0.1265266E+02  0.6814821E-13  0.0000000E+00
 0.1267220E+02  0.6461458E-13  0.0000000E+00
 0.1269174E+02  0.6126418E-13  0.0000000E+00
 0.1271128E+02  0.5808751E-13  0.0000000E+00
 0.1273083E+02  0.5507555E-13  0.0000000E+00
 0.1275037E+02  0.5221977E-13  0.0000000E+00
 0.1276991E+02  0.4951207E-13  0.0000000E+00
 0.1278945E+02  0.4694476E-13  0.0000000E+00
 0.1280899E+02  0.4451058E-13  0.0000000E+00
 0.1282853E+02  0.4220261E-13  0.0000000E+00
 0.1284807E+02  0.4001432E-13  0.0000000E+00
 0.1286761E+02  0.3793949E-13  0.0000000E+00
 0.1288715E+02  0.3597225E-13  0.0000000E+00
 0.1290669E+02  0.3410702E-13  0.0000000E+00
 0.1292623E+02  0.3233850E-13  0.0000000E+00
 0.1294577E+02  0.3066168E-13  0.0000000E+00
 0.1296532E+02  0.2907181E-13  0.0000000E+00
 0.1298486E+02  0.2756437E-13  0.0000000E+00
 0.1300440E+02  0.2613510E-13  0.0000000E+00
 0.1302394E+02  0.2477995E-13  0.0000000E+00
 0.1304348E+02  0.2349505E-13  0.0000000E+00
 0.1306302E+02  0.2227679E-13  0.0000000E+00
 0.1308256E+02  0.2112169E-13  0.0000000E+00
 0.1310210E+02  0.2002649E-13  0.0000000E+00
 0.1312164E+02  0.1898807E-13  0.0000000E+00
 0.1314118E+02  0.1800350E-13  0.0000000E+00
 0.1316072E+02  0.1706998E-13  0.0000000E+00
 0.1318026E+02  0.1618487E-13  0.0000000E+00
 0.1319980E+02  0.1534565E-13  0.0000000E+00
 0.1321935E+02  0.1454994E-13  0.0000000E+00
 0.1323889E+02  0.1379550E-13  0.0000000E+00
 0.1325843E+02  0.1308017E-13  0.0000000E+00
 0.1327797E+02  0.1240194E-13  0.0000000E+00
 0.1329751E+02  0.1175887E-13  0.0000000E+00
 0.1331705E+02  0.1114915E-13  0.0000000E+00
 0.1333659E+02  0.1057105E-13  0.0000000E+00
 0.1335613E+02  0.1002291E-13  0.0000000E+00
 0.1337567E+02  0.9503206E-14  0.0000000E+00
 0.1339521E+02  0.9010445E-14  0.0000000E+00
 0.1341475E+02  0.8543235E-14  0.0000000E+00
 0.1343429E+02  0.8100250E-14  0.0000000E+00
 0.1345383E+02  0.7680235E-14  0.0000000E+00
 0.1347338E+02  0.7281999E-14  0.0000000E+00
 0.1349292E+02  0.6904412E-14  0.0000000E+00
 0.1351246E+02  0.6546404E-14  0.0000000E+00
 0.1353200E+02  0.6206960E-14  0.0000000E+00
 0.1355154E+02  0.5885116E-14  0.0000000E+00
 0.1357108E+02  0.5579961E-14  0.0000000E+00
 0.1359062E+02  0.5290628E-14  0.0000000E+00
 0.1361016E+02  0.5016298E-14  0.0000000E+00
 0.1362970E+02  0.4756193E-14  0.0000000E+00
 0.1364924E+02  0.4509574E-14  0.0000000E+00
 0.1366878E+02  0.4275743E-14  0.0000000E+00
 0.1368832E+02  0.4054037E-14  0.0000000E+00
 0.1370787E+02  0.3843827E-14  0.0000000E+00
 0.1372741E+02  0.3644517E-14  0.0000000E+00
 0.1374695E+02  0.3455541E-14  0.0000000E+00
 0.1376649E+02  0.3276364E-14  0.0000000E+00
 0.1378603E+02  0.3106478E-14  0.0000000E+00
 0.1380557E+02  0.2945400E-14  0.0000000E+00
 0.1382511E+02  0.2792675E-14  0.0000000E+00
 0.1384465E+02  0.2647869E-14  0.0000000E+00
 0.1386419E+02  0.2510572E-14  0.0000000E+00
 0.1388373E+02  0.2380393E-14  0.0000000E+00
 0.1390327E+02  0.2256965E-14  0.0000000E+00
 0.1392281E+02  0.2139937E-14  0.0000000E+00
 0.1394235E+02  0.2028977E-14  0.0000000E+00
 0.1396190E+02  0.1923770E-14  0.0000000E+00
 0.1398144E+02  0.1824018E-14  0.0000000E+00
 0.1400098E+02  0.1729439E-14  0.0000000E+00
 0.1402052E+02  0.1639764E-14  0.0000000E+00
 0.1404006E+02  0.1554739E-14  0.0000000E+00
 0.1405960E+02  0.1474123E-14  0.0000000E+00
 0.1407914E+02  0.1397686E-14  0.0000000E+00
 0.1409868E+02  0.1325213E-14  0.0000000E+00
 0.1411822E+02  0.1256498E-14  0.0000000E+00
 0.1413776E+02  0.1191346E-14  0.0000000E+00
 0.1415730E+02  0.1129573E-14  0.0000000E+00
 0.1417684E+02  0.1071002E-14  0.0000000E+00
 0.1419638E+02  0.1015468E-14  0.0000000E+00
 0.1421593E+02  0.9628140E-15  0.0000000E+00
 0.1423547E+02  0.9128901E-15  0.0000000E+00
 0.1425501E+02  0.8655549E-15  0.0000000E+00
 0.1427455E+02  0.8206741E-15  0.0000000E+00
 0.1429409E+02  0.7781204E-15  0.0000000E+00
 0.1431363E+02  0.7377733E-15  0.0000000E+00
 0.1433317E+02  0.6995182E-15  0.0000000E+00
 0.1435271E+02  0.6632467E-15  0.0000000E+00
 0.1437225E+02  0.6288560E-15  0.0000000E+00
 0.1439179E+02  0.5962485E-15  0.0000000E+00
 0.1441133E+02  0.5653318E-15  0.0000000E+00
 0.1443087E+02  0.5360182E-15  0.0000000E+00
 0.1445042E+02  0.5082245E-15  0.0000000E+00
 0.1446996E+02  0.4818720E-15  0.0000000E+00
 0.1448950E+02  0.4568860E-15  0.0000000E+00
 0.1450904E+02  0.4331955E-15  0.0000000E+00
 0.1452858E+02  0.4107334E-15  0.0000000E+00
 0.1454812E+02  0.3894360E-15  0.0000000E+00
 0.1456766E+02  0.3692429E-15  0.0000000E+00
 0.1458720E+02  0.3500969E-15  0.0000000E+00
 0.1460674E+02  0.3319437E-15  0.0000000E+00
 0.1462628E+02  0.3147317E-15  0.0000000E+00
 0.1464582E+02  0.2984122E-15  0.0000000E+00
 0.1466536E+02  0.2829389E-15  0.0000000E+00
 0.1468490E+02  0.2682680E-15  0.0000000E+00
 0.1470445E+02  0.2543577E-15  0.0000000E+00
 0.1472399E+02  0.2411687E-15  0.0000000E+00
 0.1474353E+02  0.2286636E-15  0.0000000E+00
 0.1476307E+02  0.2168070E-15  0.0000000E+00
 0.1478261E+02  0.2055651E-15  0.0000000E+00
 0.1480215E+02  0.1949061E-15  0.0000000E+00
 0.1482169E+02  0.1847998E-15  0.0000000E+00
 0.1484123E+02  0.1752175E-15  0.0000000E+00
 0.1486077E+02  0.1661322E-15  0.0000000E+00
 0.1488031E+02  0.1575179E-15  0.0000000E+00
 0.1489985E+02  0.1493502E-15  0.0000000E+00
 0.1491939E+02  0.1416061E-15  0.0000000E+00
 0.1493894E+02  0.1342635E-15  0.0000000E+00
 0.1495848E+02  0.1273017E-15  0.0000000E+00
 0.1497802E+02  0.1207008E-15  0.0000000E+00
 0.1499756E+02  0.1144423E-15  0.0000000E+00
 0.1501710E+02  0.1085082E-15  0.0000000E+00
 0.1503664E+02  0.1028818E-15  0.0000000E+00
 0.1505618E+02  0.9754717E-16  0.0000000E+00
 0.1507572E+02  0.9248915E-16  0.0000000E+00
 0.1509526E+02  0.8769340E-16  0.0000000E+00
 0.1511480E+02  0.8314631E-16  0.0000000E+00
 0.1513434E+02  0.7883500E-16  0.0000000E+00
 0.1515388E+02  0.7474725E-16  0.0000000E+00
 0.1517342E+02  0.7087145E-16  0.0000000E+00
 0.1519297E+02  0.6719661E-16  0.0000000E+00
 0.1521251E+02  0.6371233E-16  0.0000000E+00
 0.1523205E+02  0.6040871E-16  0.0000000E+00
 0.1525159E+02  0.5727640E-16  0.0000000E+00
 0.1527113E+02  0.5430650E-16  0.0000000E+00
 0.1529067E+02  0.5149059E-16  0.0000000E+00
 0.1531021E+02  0.4882070E-16  0.0000000E+00
 0.1532975E+02  0.4628924E-16  0.0000000E+00
 0.1534929E+02  0.4388905E-16  0.0000000E+00
 0.1536883E+02  0.4161331E-16  0.0000000E+00
 0.1538837E+02  0.3945558E-16  0.0000000E+00
 0.1540791E+02  0.3740972E-16  0.0000000E+00
 0.1542745E+02  0.3546995E-16  0.0000000E+00
 0.1544700E+02  0.3363076E-16  0.0000000E+00
 0.1546654E+02  0.3188694E-16  0.0000000E+00
 0.1548608E+02  0.3023353E-16  0.0000000E+00
 0.1550562E+02  0.2866586E-16  0.0000000E+00
 0.1552516E+02  0.2717948E-16  0.0000000E+00
 0.1554470E+02  0.2577016E-16  0.0000000E+00
 0.1556424E+02  0.2443393E-16  0.0000000E+00
 0.1558378E+02  0.2316698E-16  0.0000000E+00
 0.1560332E+02  0.2196572E-16  0.0000000E+00
 0.1562286E+02  0.2082675E-16  0.0000000E+00
 0.1564240E+02  0.1974684E-16  0.0000000E+00
 0.1566194E+02  0.1872293E-16  0.0000000E+00
 0.1568149E+02  0.1775211E-16  0.0000000E+00
 0.1570103E+02  0.1683162E-16  0.0000000E+00
 0.1572057E+02  0.1595887E-16  0.0000000E+00
 0.1574011E+02  0.1513137E-16  0.0000000E+00
 0.1575965E+02  0.1434677E-16  0.0000000E+00
 0.1577919E+02  0.1360286E-16  0.0000000E+00
 0.1579873E+02  0.1289753E-16  0.0000000E+00
 0.1581827E+02  0.1222876E-16  0.0000000E+00
 0.1583781E+02  0.1159468E-16  0.0000000E+00
 0.1585735E+02  0.1099347E-16  0.0000000E+00
 0.1587689E+02  0.1042344E-16  0.0000000E+00
 0.1589643E+02  0.9882959E-17  0.0000000E+00
 0.1591597E+02  0.9370507E-17  0.0000000E+00
 0.1593552E+02  0.8884627E-17  0.0000000E+00
 0.1595506E+02  0.8423940E-17  0.0000000E+00
 0.1597460E+02  0.7987141E-17  0.0000000E+00
 0.1599414E+02  0.7572992E-17  0.0000000E+00
 0.1601368E+02  0.7180316E-17  0.0000000E+00
 0.1603322E+02  0.6808002E-17  0.0000000E+00
 0.1605276E+02  0.6454993E-17  0.0000000E+00
 0.1607230E+02  0.6120288E-17  0.0000000E+00
 0.1609184E+02  0.5802939E-17  0.0000000E+00
 0.1611138E+02  0.5502044E-17  0.0000000E+00
 0.1613092E+02  0.5216752E-17  0.0000000E+00
 0.1615046E+02  0.4946252E-17  0.0000000E+00
 0.1617000E+02  0.4689779E-17  0.0000000E+00
 0.1618955E+02  0.4446604E-17  0.0000000E+00
 0.1620909E+02  0.4216039E-17  0.0000000E+00
 0.1622863E+02  0.3997428E-17  0.0000000E+00
 0.1624817E+02  0.3790153E-17  0.0000000E+00
 0.1626771E+02  0.3593626E-17  0.0000000E+00
 0.1628725E+02  0.3407289E-17  0.0000000E+00
 0.1630679E+02  0.3230614E-17  0.0000000E+00
 0.1632633E+02  0.3063100E-17  0.0000000E+00
 0.1634587E+02  0.2904272E-17  0.0000000E+00
 0.1636541E+02  0.2753679E-17  0.0000000E+00
 0.1638495E+02  0.2610895E-17  0.0000000E+00
 0.1640449E+02  0.2475515E-17  0.0000000E+00
 0.1642404E+02  0.2347154E-17  0.0000000E+00
 0.1644358E+02  0.2225450E-17  0.0000000E+00
 0.1646312E+02  0.2110055E-17  0.0000000E+00
 0.1648266E+02  0.2000645E-17  0.0000000E+00
 0.1650220E+02  0.1896907E-17  0.0000000E+00
 0.1652174E+02  0.1798549E-17  0.0000000E+00
 0.1654128E+02  0.1705290E-17  0.0000000E+00
 0.1656082E+02  0.1616867E-17  0.0000000E+00
 0.1658036E+02  0.1533029E-17  0.0000000E+00
 0.1659990E+02  0.1453539E-17  0.0000000E+00
 0.1661944E+02  0.1378170E-17  0.0000000E+00
 0.1663898E+02  0.1306709E-17  0.0000000E+00
 0.1665852E+02  0.1238953E-17  0.0000000E+00
 0.1667807E+02  0.1174711E-17  0.0000000E+00
 0.1669761E+02  0.1113800E-17  0.0000000E+00
 0.1671715E+02  0.1056047E-17  0.0000000E+00
 0.1673669E+02  0.1001289E-17  0.0000000E+00
 0.1675623E+02  0.9493697E-18  0.0000000E+00
 0.1677577E+02  0.9001429E-18  0.0000000E+00
 0.1679531E+02  0.8534686E-18  0.0000000E+00
 0.1681485E+02  0.8092145E-18  0.0000000E+00
 0.1683439E+02  0.7672551E-18  0.0000000E+00
 0.1685393E+02  0.7274713E-18  0.0000000E+00
 0.1687347E+02  0.6897504E-18  0.0000000E+00
 0.1689301E+02  0.6539854E-18  0.0000000E+00
 0.1691255E+02  0.6200749E-18  0.0000000E+00
 0.1693210E+02  0.5879227E-18  0.0000000E+00
 0.1695164E+02  0.5574377E-18  0.0000000E+00
 0.1697118E+02  0.5285334E-18  0.0000000E+00
 0.1699072E+02  0.5011279E-18  0.0000000E+00
 0.1701026E+02  0.4751433E-18  0.0000000E+00
 0.1702980E+02  0.4505062E-18  0.0000000E+00
 0.1704934E+02  0.4271465E-18  0.0000000E+00
 0.1706888E+02  0.4049981E-18  0.0000000E+00
 0.1708842E+02  0.3839981E-18  0.0000000E+00
 0.1710796E+02  0.3640870E-18  0.0000000E+00
 0.1712750E+02  0.3452083E-18  0.0000000E+00
 0.1714704E+02  0.3273086E-18  0.0000000E+00
 0.1716659E+02  0.3103369E-18  0.0000000E+00
 0.1718613E+02  0.2942453E-18  0.0000000E+00
 0.1720567E+02  0.2789881E-18  0.0000000E+00
 0.1722521E+02  0.2645220E-18  0.0000000E+00
 0.1724475E+02  0.2508060E-18  0.0000000E+00
 0.1726429E+02  0.2378011E-18  0.0000000E+00
 0.1728383E+02  0.2254707E-18  0.0000000E+00
 0.1730337E+02  0.2137795E-18  0.0000000E+00
 0.1732291E+02  0.2026946E-18  0.0000000E+00
 0.1734245E+02  0.1921845E-18  0.0000000E+00
 0.1736199E+02  0.1822193E-18  0.0000000E+00
 0.1738153E+02  0.1727709E-18  0.0000000E+00
 0.1740107E+02  0.1638124E-18  0.0000000E+00
 0.1742062E+02  0.1553183E-18  0.0000000E+00
 0.1744016E+02  0.1472648E-18  0.0000000E+00
 0.1745970E+02  0.1396288E-18  0.0000000E+00
 0.1747924E+02  0.1323887E-18  0.0000000E+00
 0.1749878E+02  0.1255241E-18  0.0000000E+00
 0.1751832E+02  0.1190154E-18  0.0000000E+00
 0.1753786E+02  0.1128442E-18  0.0000000E+00
 0.1755740E+02  0.1069930E-18  0.0000000E+00
 0.1757694E+02  0.1014452E-18  0.0000000E+00
 0.1759648E+02  0.9618506E-19  0.0000000E+00
 0.1761602E+02  0.9119767E-19  0.0000000E+00
 0.1763556E+02  0.8646888E-19  0.0000000E+00
 0.1765511E+02  0.8198529E-19  0.0000000E+00
 0.1767465E+02  0.7773418E-19  0.0000000E+00
 0.1769419E+02  0.7370350E-19  0.0000000E+00
 0.1771373E+02  0.6988182E-19  0.0000000E+00
 0.1773327E+02  0.6625831E-19  0.0000000E+00
 0.1775281E+02  0.6282268E-19  0.0000000E+00
 0.1777235E+02  0.5956519E-19  0.0000000E+00
 0.1779189E+02  0.5647661E-19  0.0000000E+00
 0.1781143E+02  0.5354818E-19  0.0000000E+00
 0.1783097E+02  0.5077160E-19  0.0000000E+00
 0.1785051E+02  0.4813899E-19  0.0000000E+00
 0.1787005E+02  0.4564288E-19  0.0000000E+00
 0.1788959E+02  0.4327620E-19  0.0000000E+00
 0.1790914E+02  0.4103224E-19  0.0000000E+00
 0.1792868E+02  0.3890463E-19  0.0000000E+00
 0.1794822E+02  0.3688735E-19  0.0000000E+00
 0.1796776E+02  0.3497466E-19  0.0000000E+00
 0.1798730E+02  0.3316115E-19  0.0000000E+00
 0.1800684E+02  0.3144168E-19  0.0000000E+00
 0.1802638E+02  0.2981136E-19  0.0000000E+00
 0.1804592E+02  0.2826558E-19  0.0000000E+00
 0.1806546E+02  0.2679995E-19  0.0000000E+00
 0.1808500E+02  0.2541032E-19  0.0000000E+00
 0.1810454E+02  0.2409274E-19  0.0000000E+00
 0.1812408E+02  0.2284348E-19  0.0000000E+00
 0.1814362E+02  0.2165900E-19  0.0000000E+00
 0.1816317E+02  0.2053594E-19  0.0000000E+00
 0.1818271E+02  0.1947111E-19  0.0000000E+00
 0.1820225E+02  0.1846149E-19  0.0000000E+00
 0.1822179E+02  0.1750422E-19  0.0000000E+00
 0.1824133E+02  0.1659659E-19  0.0000000E+00
 0.1826087E+02  0.1573602E-19  0.0000000E+00
 0.1828041E+02  0.1492008E-19  0.0000000E+00
 0.1829995E+02  0.1414644E-19  0.0000000E+00
 0.1831949E+02  0.1341292E-19  0.0000000E+00
 0.1833903E+02  0.1271743E-19  0.0000000E+00
 0.1835857E+02  0.1205801E-19  0.0000000E+00
 0.1837811E+02  0.1143277E-19  0.0000000E+00
 0.1839766E+02  0.1083996E-19  0.0000000E+00
 0.1841720E+02  0.1027789E-19  0.0000000E+00
 0.1843674E+02  0.9744957E-20  0.0000000E+00
 0.1845628E+02  0.9239661E-20  0.0000000E+00
 0.1847582E+02  0.8760565E-20  0.0000000E+00
 0.1849536E+02  0.8306312E-20  0.0000000E+00
 0.1851490E+02  0.7875612E-20  0.0000000E+00
 0.1853444E+02  0.7467245E-20  0.0000000E+00
 0.1855398E+02  0.7080053E-20  0.0000000E+00
 0.1857352E+02  0.6712938E-20  0.0000000E+00
 0.1859306E+02  0.6364858E-20  0.0000000E+00
 0.1861260E+02  0.6034827E-20  0.0000000E+00
 0.1863214E+02  0.5721909E-20  0.0000000E+00
 0.1865169E+02  0.5425216E-20  0.0000000E+00
 0.1867123E+02  0.5143907E-20  0.0000000E+00
 0.1869077E+02  0.4877185E-20  0.0000000E+00
 0.1871031E+02  0.4624293E-20  0.0000000E+00
 0.1872985E+02  0.4384514E-20  0.0000000E+00
 0.1874939E+02  0.4157167E-20  0.0000000E+00
 0.1876893E+02  0.3941610E-20  0.0000000E+00
 0.1878847E+02  0.3737229E-20  0.0000000E+00
 0.1880801E+02  0.3543446E-20  0.0000000E+00
 0.1882755E+02  0.3359711E-20  0.0000000E+00
 0.1884709E+02  0.3185503E-20  0.0000000E+00
 0.1886663E+02  0.3020328E-20  0.0000000E+00
 0.1888617E+02  0.2863718E-20  0.0000000E+00
 0.1890572E+02  0.2715228E-20  0.0000000E+00
 0.1892526E+02  0.2574438E-20  0.0000000E+00
 0.1894480E+02  0.2440948E-20  0.0000000E+00
 0.1896434E+02  0.2314380E-20  0.0000000E+00
 0.1898388E+02  0.2194374E-20  0.0000000E+00
 0.1900342E+02  0.2080591E-20  0.0000000E+00
 0.1902296E+02  0.1972708E-20  0.0000000E+00
 0.1904250E+02  0.1870419E-20  0.0000000E+00
 0.1906204E+02  0.1773434E-20  0.0000000E+00
 0.1908158E+02  0.1681478E-20  0.0000000E+00
 0.1910112E+02  0.1594290E-20  0.0000000E+00
 0.1912066E+02  0.1511623E-20  0.0000000E+00
 0.1914021E+02  0.1433242E-20  0.0000000E+00
 0.1915975E+02  0.1358925E-20  0.0000000E+00
 0.1917929E+02  0.1288462E-20  0.0000000E+00
 0.1919883E+02  0.1221653E-20  0.0000000E+00
 0.1921837E+02  0.1158308E-20  0.0000000E+00
 0.1923791E+02  0.1098247E-20  0.0000000E+00
 0.1925745E+02  0.1041301E-20  0.0000000E+00
 0.1927699E+02  0.9873070E-21  0.0000000E+00
 0.1929653E+02  0.9361131E-21  0.0000000E+00
 0.1931607E+02  0.8875737E-21  0.0000000E+00
 0.1933561E+02  0.8415511E-21  0.0000000E+00
 0.1935515E+02  0.7979150E-21  0.0000000E+00
 0.1937469E+02  0.7565414E-21  0.0000000E+00
 0.1939424E+02  0.7173132E-21  0.0000000E+00
 0.1941378E+02  0.6801190E-21  0.0000000E+00
 0.1943332E+02  0.6448534E-21  0.0000000E+00
 0.1945286E+02  0.6114164E-21  0.0000000E+00
 0.1947240E+02  0.5797132E-21  0.0000000E+00
 0.1949194E+02  0.5496539E-21  0.0000000E+00
 0.1951148E+02  0.5211532E-21  0.0000000E+00
 0.1953102E+02  0.4941303E-21  0.0000000E+00
 0.1955056E+02  0.4685086E-21  0.0000000E+00
 0.1957010E+02  0.4442155E-21  0.0000000E+00
 0.1958964E+02  0.4211820E-21  0.0000000E+00
 0.1960918E+02  0.3993428E-21  0.0000000E+00
 0.1962872E+02  0.3786361E-21  0.0000000E+00
 0.1964827E+02  0.3590030E-21  0.0000000E+00
 0.1966781E+02  0.3403880E-21  0.0000000E+00
 0.1968735E+02  0.3227381E-21  0.0000000E+00
 0.1970689E+02  0.3060035E-21  0.0000000E+00
 0.1972643E+02  0.2901366E-21  0.0000000E+00
 0.1974597E+02  0.2750924E-21  0.0000000E+00
 0.1976551E+02  0.2608283E-21  0.0000000E+00
 0.1978505E+02  0.2473038E-21  0.0000000E+00
 0.1980459E+02  0.2344806E-21  0.0000000E+00
 0.1982413E+02  0.2223223E-21  0.0000000E+00
 0.1984367E+02  0.2107944E-21  0.0000000E+00
 0.1986321E+02  0.1998643E-21  0.0000000E+00
 0.1988276E+02  0.1895009E-21  0.0000000E+00
 0.1990230E+02  0.1796749E-21  0.0000000E+00
 0.1992184E+02  0.1703584E-21  0.0000000E+00
 0.1994138E+02  0.1615249E-21  0.0000000E+00
 0.1996092E+02  0.1531495E-21  0.0000000E+00
 0.1998046E+02  0.1452084E-21  0.0000000E+00
 0.2000000E+02  0.1376791E-21  0.0000000E+00
