  -7.5915974596971179        1.1699539851474259E-006
  -7.5720566682950654        1.4315649198843709E-006
  -7.5525158768930147        1.7490007095716310E-006
  -7.5329750854909623        2.1335636096244359E-006
  -7.5134342940889116        2.5987103530578011E-006
  -7.4938935026868592        3.1604347581617489E-006
  -7.4743527112848067        3.8377126522096850E-006
  -7.4548119198827560        4.6530181861004334E-006
  -7.4352711284807036        5.6329217411823042E-006
  -7.4157303370786529        6.8087808616792373E-006
  -7.3961895456766005        8.2175369882311278E-006
  -7.3766487542745480        9.9026322231830849E-006
  -7.3571079628724974        1.1915061928313526E-005
  -7.3375671714704449        1.4314580641014316E-005
  -7.3180263800683925        1.7171080594027893E-005
  -7.2984855886663418        2.0566164032989468E-005
  -7.2789447972642893        2.4594932538867868E-005
  -7.2594040058622369        2.9368018669606758E-005
  -7.2398632144601862        3.5013887424042459E-005
  -7.2203224230581338        4.1681437284763246E-005
  -7.2007816316560831        4.9542932893886721E-005
  -7.1812408402540306        5.8797303730828323E-005
  -7.1617000488519782        6.9673845462642924E-005
  -7.1421592574499275        8.2436362888475679E-005
  -7.1226184660478751        9.7387795556679000E-005
  -7.1030776746458244        1.1487536914638780E-004
  -7.0835368832437720        1.3529631751809724E-004
  -7.0639960918417195        1.5910422188588868E-004
  -7.0444553004396688        1.8681601477643325E-004
  -7.0249145090376164        2.1901969723787560E-004
  -7.0053737176355639        2.5638281805948147E-004
  -6.9858329262335133        2.9966176346780005E-004
  -6.9662921348314608        3.4971190477748769E-004
  -6.9467513434294084        4.0749864968995050E-004
  -6.9272105520273577        4.7410944024057442E-004
  -6.9076697606253052        5.5076673668139227E-004
  -6.8881289692232546        6.3884202173458790E-004
  -6.8685881778212021        7.3987085354668266E-004
  -6.8490473864191497        8.5556898819722741E-004
  -6.8295065950170990        9.8784958365886457E-004
  -6.8099658036150466        1.1388414865608693E-003
  -6.7904250122129959        1.3109085908801709E-003
  -6.7708842208109434        1.5066702436889493E-003
  -6.7513434294088910        1.7290226572564205E-003
  -6.7318026380068403        1.9811612690886051E-003
  -6.7122618466047879        2.2666039718659873E-003
  -6.6927210552027354        2.5892151137090606E-003
  -6.6731802638006847        2.9532301458001110E-003
  -6.6536394723986323        3.3632807691839593E-003
  -6.6340986809965798        3.8244204056712030E-003
  -6.6145578895945292        4.3421497893280413E-003
  -6.5950170981924767        4.9224424452534148E-003
  -6.5754763067904261        5.5717697914679370E-003
  -6.5559355153883736        6.2971255680730727E-003
  -6.5363947239863212        7.1060492657317167E-003
  -6.5168539325842705        8.0066481933939709E-003
  -6.4973131411822180        9.0076177934994648E-003
  -6.4777723497801674        1.0118259782155966E-002
  -6.4582315583781149        1.1348497662598387E-002
  -6.4386907669760625        1.2708889133180639E-002
  -6.4191499755740118        1.4210634886927934E-002
  -6.3996091841719593        1.5865583278963181E-002
  -6.3800683927699069        1.7686230321658801E-002
  -6.3605276013678562        1.9685714455909501E-002
  -6.3409868099658038        2.1877805541220981E-002
  -6.3214460185637513        2.4276887508131100E-002
  -6.3019052271617007        2.6897934124569031E-002
  -6.2823644357596482        2.9756477343807836E-002
  -6.2628236443575975        3.2868567726348871E-002
  -6.2432828529555451        3.6250726461997715E-002
  -6.2237420615534926        3.9919888562028931E-002
  -6.2042012701514420        4.3893336845154257E-002
  -6.1846604787493895        4.8188626405248500E-002
  -6.1651196873473388        5.2823499323633789E-002
  -6.1455788959452864        5.7815789474189673E-002
  -6.1260381045432339        6.3183317365424582E-002
  -6.1064973131411833        6.8943775069643873E-002
  -6.0869565217391308        7.5114601404854694E-002
  -6.0674157303370784        8.1712847659357601E-002
  -6.0478749389350277        8.8755034281134237E-002
  -6.0283341475329753        9.6256999092926648E-002
  -6.0087933561309228       0.10423373773797305     
  -5.9892525647288721       0.11269923720912801     
  -5.9697117733268197       0.12166630346370681     
  -5.9501709819247690       0.13114638427591924     
  -5.9306301905227166       0.14114938862607948     
  -5.9110893991206641       0.15168350406850017     
  -5.8915486077186134       0.16275501365586753     
  -5.8720078163165610       0.17436811412430614     
  -5.8524670249145103       0.18652473715785448     
  -5.8329262335124579       0.19922437565116502     
  -5.8133854421104054       0.21246391697230566     
  -5.7938446507083547       0.22623748529136864     
  -5.7743038593063023       0.24053629508271993     
  -5.7547630679042499       0.25534851792718366     
  -5.7352222765021992       0.27065916473340412     
  -5.7156814851001467       0.28644998546338457     
  -5.6961406936980943       0.30269938838461546     
  -5.6765999022960436       0.31938238077938652     
  -5.6570591108939912       0.33647053292026680     
  -5.6375183194919405       0.35393196696936219     
  -5.6179775280898880       0.37173137227829539     
  -5.5984367366878356       0.38983004835660079     
  -5.5788959452857849       0.40818597654010241     
  -5.5593551538837325       0.42675392112942262     
  -5.5398143624816818       0.44548556048465687     
  -5.5202735710796293       0.46432964825830764     
  -5.5007327796775769       0.48323220462790312     
  -5.4811919882755262       0.50213673705640660     
  -5.4616511968734738       0.52098448976631273     
  -5.4421104054714213       0.53971472076684468     
  -5.4225696140693707       0.55826500492758724     
  -5.4030288226673182       0.57657156125091569     
  -5.3834880312652658       0.59456960216479893     
  -5.3639472398632151       0.61219370234200687     
  -5.3444064484611626       0.62937818425617353     
  -5.3248656570591120       0.64605751741452955     
  -5.3053248656570595       0.66216672796599563     
  -5.2857840742550071       0.67764181517574729     
  -5.2662432828529564       0.69242017108753817     
  -5.2467024914509039       0.70644099956602713     
  -5.2271617000488533       0.71964573082617411     
  -5.2076209086468008       0.73197842751766606     
  -5.1880801172447484       0.74338617844069210     
  -5.1685393258426977       0.75381947602642685     
  -5.1489985344406453       0.76323257382110021     
  -5.1294577430385928       0.77158382036620010     
  -5.1099169516365421       0.77883596606774119     
  -5.0903761602344897       0.78495643989250219     
  -5.0708353688324372       0.78991759301600295     
  -5.0512945774303866       0.79369690687224559     
  -5.0317537860283341       0.79627716341474664     
  -5.0122129946262834       0.79764657578756548     
  -4.9926722032242310       0.79779887801869165     
  -4.9731314118221785       0.79673337278071710     
  -4.9535906204201279       0.79445493670941048     
  -4.9340498290180754       0.79097398322341883     
  -4.9145090376160248       0.78630638324175461     
  -4.8949682462139723       0.78047334464370466     
  -4.8754274548119199       0.77350125175220796     
  -4.8558866634098692       0.76542146654067145     
  -4.8363458720078167       0.75627009365897790     
  -4.8168050806057643       0.74608771174184230     
  -4.7972642892037136       0.73491907379687349     
  -4.7777234978016612       0.72281277976650804     
  -4.7581827063996087       0.70982092461375734     
  -4.7386419149975580       0.69599872549341579     
  -4.7191011235955056       0.68140413173588965     
  -4.6995603321934549       0.66609742148850204     
  -4.6800195407914025       0.65014078892819749     
  -4.6604787493893500       0.63359792598016662     
  -4.6409379579872994       0.61653360244945221     
  -4.6213971665852469       0.59901324839878722     
  -4.6018563751831962       0.58110254248764004     
  -4.5823155837811438       0.56286700982741034     
  -4.5627747923790913       0.54437163270936184     
  -4.5432340009770407       0.52568047732865020     
  -4.5236932095749882       0.50685633936416707     
  -4.5041524181729358       0.48796041098417964     
  -4.4846116267708851       0.46905197153665273     
  -4.4650708353688326       0.45018810385573049     
  -4.4455300439667802       0.43142343777701125     
  -4.4259892525647295       0.41280992210890111     
  -4.4064484611626771       0.39439662596053965     
  -4.3869076697606264       0.37622956998314505     
  -4.3673668783585740       0.35835158774555442     
  -4.3478260869565215       0.34080221714069425     
  -4.3282852955544708       0.32361762141114514     
  -4.3087445041524184       0.30683053909264590     
  -4.2892037127503677       0.29047026190710179     
  -4.2696629213483153       0.27456263939389486     
  -4.2501221299462628       0.25913010885231136     
  -4.2305813385442121       0.24419174897987472     
  -4.2110405471421597       0.22976335543266330     
  -4.1914997557401072       0.21585753640465496     
  -4.1719589643380566       0.20248382622383634     
  -4.1524181729360041       0.18964881489303193     
  -4.1328773815339517       0.17735629146219364     
  -4.1133365901319010       0.16560739910513253     
  -4.0937957987298486       0.15440079978594803     
  -4.0742550073277979       0.14373284643683312     
  -4.0547142159257454       0.13359776062747294     
  -4.0351734245236930       0.12398781378481544     
  -4.0156326331216423       0.11489351011799047     
  -3.9960918417195899       0.10630376951432481     
  -3.9765510503175392        9.8206108796095204E-002
  -3.9570102589154850        9.0586819861359816E-002
  -3.9374694675134343        8.3431143373523503E-002
  -3.9179286761113836        7.6723436810607060E-002
  -3.8983878847093294        7.0447335834437338E-002
  -3.8788470933072787        6.4585908089719882E-002
  -3.8593063019052281        5.9121798691357016E-002
  -3.8397655105031774        5.4037366803549432E-002
  -3.8202247191011232        4.9314812854437749E-002
  -3.8006839276990725        4.4936296063996593E-002
  -3.7811431362970218        4.0884042089235323E-002
  -3.7616023448949676        3.7140440708586908E-002
  -3.7420615534929169        3.3688133575761135E-002
  -3.7225207620908662        3.0510092171795913E-002
  -3.7029799706888120        2.7589686172140599E-002
  -3.6834391792867613        2.4910742523092597E-002
  -3.6638983878847107        2.2457595588801279E-002
  -3.6443575964826564        2.0215128786458012E-002
  -3.6248168050806058        1.8168808173431614E-002
  -3.6052760136785551        1.6304708486413688E-002
  -3.5857352222765044        1.4609532159587178E-002
  -3.5661944308744502        1.3070621866970127E-002
  -3.5466536394723995        1.1675967144107952E-002
  -3.5271128480703489        1.0414205646849218E-002
  -3.5075720566682946        9.2746196008112250E-003
  -3.4880312652662440        8.2471279850430609E-003
  -3.4684904738641933        7.3222749781133873E-003
  -3.4489496824621391        6.4912151751370835E-003
  -3.4294088910600884        5.7456960608316893E-003
  -3.4098680996580377        5.0780381972894738E-003
  -3.3903273082559835        4.4811135564339355E-003
  -3.3707865168539328        3.9483223967213500E-003
  -3.3512457254518822        3.4735690521477784E-003
  -3.3317049340498279        3.0512369695579016E-003
  -3.3121641426477773        2.6761632980977623E-003
  -3.2926233512457266        2.3436133028413970E-003
  -3.2730825598436724        2.0492548435192500E-003
  -3.2535417684416217        1.7891331291926089E-003
  -3.2340009770395710        1.5596459309224139E-003
  -3.2144601856375203        1.3575194071817056E-003
  -3.1949193942354661        1.1797846711187052E-003
  -3.1753786028334154        1.0237552049179254E-003
  -3.1558378114313648        8.8700520450324719E-004
  -3.1362970200293105        7.6734891772662944E-004
  -3.1167562286272599        6.6282102099470583E-004
  -3.0972154372252092        5.7165806298773195E-004
  -3.0776746458231550        4.9228098967733238E-004
  -3.0581338544211043        4.2327875218628154E-004
  -3.0385930630190536        3.6339298807696078E-004
  -3.0190522716169994        3.1150375731089528E-004
  -2.9995114802149487        2.6661630628555590E-004
  -2.9799706888128981        2.2784882691719919E-004
  -2.9604298974108474        1.9442117258469064E-004
  -2.9408891060087932        1.6564448876164897E-004
  -2.9213483146067425        1.4091171322745994E-004
  -2.9018075232046918        1.1968889874616245E-004
  -2.8822667318026376        1.0150730992557502E-004
  -2.8627259404005869        8.5956245510123070E-005
  -2.8431851489985362        7.2676537519383042E-005
  -2.8236443575964820        6.1354679325726391E-005
  -2.8041035661944314        5.1717535880809819E-005
  -2.7845627747923807        4.3527590771893033E-005
  -2.7650219833903265        3.6578686541856325E-005
  -2.7454811919882758        3.0692216675447960E-005
  -2.7259404005862251        2.5713729780338102E-005
  -2.7063996091841709        2.1509908723344555E-005
  -2.6868588177821202        1.7965889774757710E-005
  -2.6673180263800695        1.4982889128544436E-005
  -2.6477772349780153        1.2476106470621435E-005
  -2.6282364435759646        1.0372877534050628E-005
  -2.6086956521739140        8.6110497867211369E-006
  -2.5891548607718633        7.1375575260375900E-006
  -2.5696140693698091        5.9071746925629288E-006
  -2.5500732779677584        4.8814256503453489E-006
  -2.5305324865657077        4.0276360086993845E-006
  -2.5109916951636535        3.3181072742093014E-006
  -2.4914509037616028        2.7294007206182283E-006
  -2.4719101123595522        2.2417173480051791E-006
  -2.4523693209574979        1.8383621727539322E-006
  -2.4328285295554473        1.5052823491157460E-006
  -2.4132877381533966        1.2306697755461565E-006
  -2.3937469467513424        1.0046198891168286E-006
