-0.2000000E+02  0.1922606E-06
-0.1998046E+02  0.1838147E-06
-0.1996092E+02  0.1756940E-06
-0.1994138E+02  0.1675524E-06
-0.1992184E+02  0.1598494E-06
-0.1990230E+02  0.1524267E-06
-0.1988276E+02  0.1455870E-06
-0.1986321E+02  0.1392119E-06
-0.1984367E+02  0.1334814E-06
-0.1982413E+02  0.1282913E-06
-0.1980459E+02  0.1236917E-06
-0.1978505E+02  0.1195781E-06
-0.1976551E+02  0.1158266E-06
-0.1974597E+02  0.1124493E-06
-0.1972643E+02  0.1091056E-06
-0.1970689E+02  0.1060460E-06
-0.1968735E+02  0.1026604E-06
-0.1966781E+02  0.9956725E-07
-0.1964827E+02  0.9581584E-07
-0.1962872E+02  0.9244987E-07
-0.1960918E+02  0.8822908E-07
-0.1958964E+02  0.8456529E-07
-0.1957010E+02  0.8001769E-07
-0.1955056E+02  0.7623152E-07
-0.1953102E+02  0.7171591E-07
-0.1951148E+02  0.6810736E-07
-0.1949194E+02  0.6405573E-07
-0.1947240E+02  0.6093523E-07
-0.1945286E+02  0.5770866E-07
-0.1943332E+02  0.5525655E-07
-0.1941378E+02  0.5302822E-07
-0.1939424E+02  0.5124908E-07
-0.1937469E+02  0.4994901E-07
-0.1935515E+02  0.4865295E-07
-0.1933561E+02  0.4801048E-07
-0.1931607E+02  0.4690393E-07
-0.1929653E+02  0.4652530E-07
-0.1927699E+02  0.4529858E-07
-0.1925745E+02  0.4478245E-07
-0.1923791E+02  0.4319286E-07
-0.1921837E+02  0.4225095E-07
-0.1919883E+02  0.4022068E-07
-0.1917929E+02  0.3874190E-07
-0.1915975E+02  0.3637627E-07
-0.1914021E+02  0.3446583E-07
-0.1912066E+02  0.3202039E-07
-0.1910112E+02  0.2991016E-07
-0.1908158E+02  0.2768470E-07
-0.1906204E+02  0.2564968E-07
-0.1904250E+02  0.2388196E-07
-0.1902296E+02  0.2215080E-07
-0.1900342E+02  0.2097426E-07
-0.1898388E+02  0.1967997E-07
-0.1896434E+02  0.1907156E-07
-0.1894480E+02  0.1819854E-07
-0.1892526E+02  0.1799002E-07
-0.1890572E+02  0.1740837E-07
-0.1888617E+02  0.1735915E-07
-0.1886663E+02  0.1688238E-07
-0.1884709E+02  0.1674728E-07
-0.1882755E+02  0.1620728E-07
-0.1880801E+02  0.1582122E-07
-0.1878847E+02  0.1512488E-07
-0.1876893E+02  0.1443564E-07
-0.1874939E+02  0.1358085E-07
-0.1872985E+02  0.1265274E-07
-0.1871031E+02  0.1171846E-07
-0.1869077E+02  0.1070882E-07
-0.1867123E+02  0.9842093E-08
-0.1865169E+02  0.8936010E-08
-0.1863214E+02  0.8282640E-08
-0.1861260E+02  0.7640258E-08
-0.1859306E+02  0.7300006E-08
-0.1857352E+02  0.6999760E-08
-0.1855398E+02  0.6989616E-08
-0.1853444E+02  0.7009801E-08
-0.1851490E+02  0.7256886E-08
-0.1849536E+02  0.7481054E-08
-0.1847582E+02  0.7842600E-08
-0.1845628E+02  0.8094854E-08
-0.1843674E+02  0.8400120E-08
-0.1841720E+02  0.8515130E-08
-0.1839766E+02  0.8627196E-08
-0.1837811E+02  0.8493325E-08
-0.1835857E+02  0.8342765E-08
-0.1833903E+02  0.7944089E-08
-0.1831949E+02  0.7551545E-08
-0.1829995E+02  0.6967757E-08
-0.1828041E+02  0.6431938E-08
-0.1826087E+02  0.5804095E-08
-0.1824133E+02  0.5260181E-08
-0.1822179E+02  0.4740735E-08
-0.1820225E+02  0.4310831E-08
-0.1818271E+02  0.4009715E-08
-0.1816317E+02  0.3754753E-08
-0.1814362E+02  0.3699500E-08
-0.1812408E+02  0.3605315E-08
-0.1810454E+02  0.3739871E-08
-0.1808500E+02  0.3729089E-08
-0.1806546E+02  0.3931561E-08
-0.1804592E+02  0.3892589E-08
-0.1802638E+02  0.4030736E-08
-0.1800684E+02  0.3872987E-08
-0.1798730E+02  0.3848012E-08
-0.1796776E+02  0.3533164E-08
-0.1794822E+02  0.3317420E-08
-0.1792868E+02  0.2879821E-08
-0.1790914E+02  0.2522204E-08
-0.1788959E+02  0.2051615E-08
-0.1787005E+02  0.1651321E-08
-0.1785051E+02  0.1260204E-08
-0.1783097E+02  0.9256907E-09
-0.1781143E+02  0.6992810E-09
-0.1779189E+02  0.5034899E-09
-0.1777235E+02  0.4699367E-09
-0.1775281E+02  0.4329561E-09
-0.1773327E+02  0.5588580E-09
-0.1771373E+02  0.6444047E-09
-0.1769419E+02  0.8493623E-09
-0.1767465E+02  0.9864806E-09
-0.1765511E+02  0.1176652E-08
-0.1763556E+02  0.1293598E-08
-0.1761602E+02  0.1396589E-08
-0.1759648E+02  0.1446484E-08
-0.1757694E+02  0.1431268E-08
-0.1755740E+02  0.1404497E-08
-0.1753786E+02  0.1284652E-08
-0.1751832E+02  0.1204017E-08
-0.1749878E+02  0.1024303E-08
-0.1747924E+02  0.9248525E-09
-0.1745970E+02  0.7389564E-09
-0.1744016E+02  0.6581341E-09
-0.1742062E+02  0.5144427E-09
-0.1740107E+02  0.4765445E-09
-0.1738153E+02  0.4007718E-09
-0.1736199E+02  0.4125766E-09
-0.1734245E+02  0.4093634E-09
-0.1732291E+02  0.4624576E-09
-0.1730337E+02  0.5189347E-09
-0.1728383E+02  0.5942260E-09
-0.1726429E+02  0.6851352E-09
-0.1724475E+02  0.7607209E-09
-0.1722521E+02  0.8558024E-09
-0.1720567E+02  0.9070812E-09
-0.1718613E+02  0.9731142E-09
-0.1716659E+02  0.9783754E-09
-0.1714704E+02  0.9886506E-09
-0.1712750E+02  0.9334796E-09
-0.1710796E+02  0.8782574E-09
-0.1708842E+02  0.7672711E-09
-0.1706888E+02  0.6583459E-09
-0.1704934E+02  0.5165779E-09
-0.1702980E+02  0.3862764E-09
-0.1701026E+02  0.2541172E-09
-0.1699072E+02  0.1472614E-09
-0.1697118E+02  0.6806917E-10
-0.1695164E+02  0.2472352E-10
-0.1693210E+02  0.2796551E-10
-0.1691255E+02  0.6557455E-10
-0.1689301E+02  0.1523002E-09
-0.1687347E+02  0.2556536E-09
-0.1685393E+02  0.3933453E-09
-0.1683439E+02  0.5170009E-09
-0.1681485E+02  0.6500118E-09
-0.1679531E+02  0.7362575E-09
-0.1677577E+02  0.8097159E-09
-0.1675623E+02  0.8147078E-09
-0.1673669E+02  0.7982000E-09
-0.1671715E+02  0.7166288E-09
-0.1669761E+02  0.6213191E-09
-0.1667807E+02  0.4880868E-09
-0.1665852E+02  0.3611882E-09
-0.1663898E+02  0.2386987E-09
-0.1661944E+02  0.1402416E-09
-0.1659990E+02  0.9061541E-10
-0.1658036E+02  0.6694974E-10
-0.1656082E+02  0.1229034E-09
-0.1654128E+02  0.1832647E-09
-0.1652174E+02  0.3314398E-09
-0.1650220E+02  0.4425498E-09
-0.1648266E+02  0.6310768E-09
-0.1646312E+02  0.7352571E-09
-0.1644358E+02  0.8979730E-09
-0.1642404E+02  0.9407287E-09
-0.1640449E+02  0.1023776E-08
-0.1638495E+02  0.9770853E-09
-0.1636541E+02  0.9636728E-09
-0.1634587E+02  0.8425482E-09
-0.1632633E+02  0.7556667E-09
-0.1630679E+02  0.6069778E-09
-0.1628725E+02  0.4936159E-09
-0.1626771E+02  0.3710688E-09
-0.1624817E+02  0.2763502E-09
-0.1622863E+02  0.2138861E-09
-0.1620909E+02  0.1588977E-09
-0.1618955E+02  0.1591225E-09
-0.1617000E+02  0.1375720E-09
-0.1615046E+02  0.1748658E-09
-0.1613092E+02  0.1647204E-09
-0.1611138E+02  0.2044552E-09
-0.1609184E+02  0.1889711E-09
-0.1607230E+02  0.2115960E-09
-0.1605276E+02  0.1944590E-09
-0.1603322E+02  0.2056996E-09
-0.1601368E+02  0.2136798E-09
-0.1599414E+02  0.2382433E-09
-0.1597460E+02  0.3033542E-09
-0.1595506E+02  0.3673364E-09
-0.1593552E+02  0.5032103E-09
-0.1591597E+02  0.6075986E-09
-0.1589643E+02  0.7943154E-09
-0.1587689E+02  0.9110091E-09
-0.1585735E+02  0.1097332E-08
-0.1583781E+02  0.1178199E-08
-0.1581827E+02  0.1299483E-08
-0.1579873E+02  0.1300286E-08
-0.1577919E+02  0.1317349E-08
-0.1575965E+02  0.1229931E-08
-0.1574011E+02  0.1148861E-08
-0.1572057E+02  0.1012235E-08
-0.1570103E+02  0.8899915E-09
-0.1568149E+02  0.7808263E-09
-0.1566194E+02  0.7048532E-09
-0.1564240E+02  0.7074378E-09
-0.1562286E+02  0.7635217E-09
-0.1560332E+02  0.9372670E-09
-0.1558378E+02  0.1168593E-08
-0.1556424E+02  0.1511891E-08
-0.1554470E+02  0.1902444E-08
-0.1552516E+02  0.2352431E-08
-0.1550562E+02  0.2834316E-08
-0.1548608E+02  0.3294099E-08
-0.1546654E+02  0.3771639E-08
-0.1544700E+02  0.4138551E-08
-0.1542745E+02  0.4528140E-08
-0.1540791E+02  0.4732030E-08
-0.1538837E+02  0.4988476E-08
-0.1536883E+02  0.5015610E-08
-0.1534929E+02  0.5135805E-08
-0.1532975E+02  0.5023678E-08
-0.1531021E+02  0.5048112E-08
-0.1529067E+02  0.4871494E-08
-0.1527113E+02  0.4856257E-08
-0.1525159E+02  0.4701064E-08
-0.1523205E+02  0.4698422E-08
-0.1521251E+02  0.4649754E-08
-0.1519297E+02  0.4714550E-08
-0.1517342E+02  0.4845696E-08
-0.1515388E+02  0.5025806E-08
-0.1513434E+02  0.5403658E-08
-0.1511480E+02  0.5744956E-08
-0.1509526E+02  0.6411769E-08
-0.1507572E+02  0.6941401E-08
-0.1505618E+02  0.7892811E-08
-0.1503664E+02  0.8606492E-08
-0.1501710E+02  0.9789908E-08
-0.1499756E+02  0.1063532E-07
-0.1497802E+02  0.1193855E-07
-0.1495848E+02  0.1282486E-07
-0.1493894E+02  0.1409376E-07
-0.1491939E+02  0.1491812E-07
-0.1489985E+02  0.1600292E-07
-0.1488031E+02  0.1668499E-07
-0.1486077E+02  0.1748401E-07
-0.1484123E+02  0.1801201E-07
-0.1482169E+02  0.1851463E-07
-0.1480215E+02  0.1897298E-07
-0.1478261E+02  0.1929892E-07
-0.1476307E+02  0.1985991E-07
-0.1474353E+02  0.2022222E-07
-0.1472399E+02  0.2110958E-07
-0.1470445E+02  0.2174287E-07
-0.1468490E+02  0.2314135E-07
-0.1466536E+02  0.2424631E-07
-0.1464582E+02  0.2624226E-07
-0.1462628E+02  0.2791186E-07
-0.1460674E+02  0.3047149E-07
-0.1458720E+02  0.3268098E-07
-0.1456766E+02  0.3565241E-07
-0.1454812E+02  0.3829898E-07
-0.1452858E+02  0.4148269E-07
-0.1450904E+02  0.4441613E-07
-0.1448950E+02  0.4761950E-07
-0.1446996E+02  0.5072641E-07
-0.1445042E+02  0.5387857E-07
-0.1443087E+02  0.5714104E-07
-0.1441133E+02  0.6027234E-07
-0.1439179E+02  0.6376074E-07
-0.1437225E+02  0.6700176E-07
-0.1435271E+02  0.7080042E-07
-0.1433317E+02  0.7431053E-07
-0.1431363E+02  0.7851451E-07
-0.1429409E+02  0.8249011E-07
-0.1427455E+02  0.8721746E-07
-0.1425501E+02  0.9181475E-07
-0.1423547E+02  0.9709300E-07
-0.1421593E+02  0.1024057E-06
-0.1419638E+02  0.1081986E-06
-0.1417684E+02  0.1142067E-06
-0.1415730E+02  0.1204460E-06
-0.1413776E+02  0.1270984E-06
-0.1411822E+02  0.1337270E-06
-0.1409868E+02  0.1409327E-06
-0.1407914E+02  0.1479186E-06
-0.1405960E+02  0.1556238E-06
-0.1404006E+02  0.1630696E-06
-0.1402052E+02  0.1713316E-06
-0.1400098E+02  0.1794604E-06
-0.1398144E+02  0.1884089E-06
-0.1396190E+02  0.1975460E-06
-0.1394235E+02  0.2074275E-06
-0.1392281E+02  0.2180263E-06
-0.1390327E+02  0.2291896E-06
-0.1388373E+02  0.2417030E-06
-0.1386419E+02  0.2545180E-06
-0.1384465E+02  0.2693294E-06
-0.1382511E+02  0.2840696E-06
-0.1380557E+02  0.3013846E-06
-0.1378603E+02  0.3181989E-06
-0.1376649E+02  0.3379367E-06
-0.1374695E+02  0.3567787E-06
-0.1372741E+02  0.3786253E-06
-0.1370787E+02  0.3992515E-06
-0.1368832E+02  0.4226441E-06
-0.1366878E+02  0.4446680E-06
-0.1364924E+02  0.4689635E-06
-0.1362970E+02  0.4920700E-06
-0.1361016E+02  0.5167588E-06
-0.1359062E+02  0.5409220E-06
-0.1357108E+02  0.5659668E-06
-0.1355154E+02  0.5915969E-06
-0.1353200E+02  0.6175062E-06
-0.1351246E+02  0.6454711E-06
-0.1349292E+02  0.6732253E-06
-0.1347338E+02  0.7047787E-06
-0.1345383E+02  0.7358222E-06
-0.1343429E+02  0.7723574E-06
-0.1341475E+02  0.8083146E-06
-0.1339521E+02  0.8511683E-06
-0.1337567E+02  0.8934952E-06
-0.1335613E+02  0.9436254E-06
-0.1333659E+02  0.9933887E-06
-0.1331705E+02  0.1051114E-05
-0.1329751E+02  0.1108745E-05
-0.1327797E+02  0.1173816E-05
-0.1325843E+02  0.1239193E-05
-0.1323889E+02  0.1310811E-05
-0.1321935E+02  0.1383362E-05
-0.1319980E+02  0.1460534E-05
-0.1318026E+02  0.1539471E-05
-0.1316072E+02  0.1621325E-05
-0.1314118E+02  0.1706028E-05
-0.1312164E+02  0.1792140E-05
-0.1310210E+02  0.1882426E-05
-0.1308256E+02  0.1973092E-05
-0.1306302E+02  0.2069461E-05
-0.1304348E+02  0.2165872E-05
-0.1302394E+02  0.2269498E-05
-0.1300440E+02  0.2373643E-05
-0.1298486E+02  0.2486515E-05
-0.1296532E+02  0.2601171E-05
-0.1294577E+02  0.2725823E-05
-0.1292623E+02  0.2854081E-05
-0.1290669E+02  0.2993095E-05
-0.1288715E+02  0.3137973E-05
-0.1286761E+02  0.3293824E-05
-0.1284807E+02  0.3457851E-05
-0.1282853E+02  0.3632703E-05
-0.1280899E+02  0.3817733E-05
-0.1278945E+02  0.4013020E-05
-0.1276991E+02  0.4219965E-05
-0.1275037E+02  0.4436447E-05
-0.1273083E+02  0.4665511E-05
-0.1271128E+02  0.4903660E-05
-0.1269174E+02  0.5154731E-05
-0.1267220E+02  0.5415017E-05
-0.1265266E+02  0.5688055E-05
-0.1263312E+02  0.5971113E-05
-0.1261358E+02  0.6266377E-05
-0.1259404E+02  0.6573563E-05
-0.1257450E+02  0.6892276E-05
-0.1255496E+02  0.7225845E-05
-0.1253542E+02  0.7570399E-05
-0.1251588E+02  0.7933542E-05
-0.1249634E+02  0.8307388E-05
-0.1247680E+02  0.8704050E-05
-0.1245725E+02  0.9111662E-05
-0.1243771E+02  0.9546208E-05
-0.1241817E+02  0.9992682E-05
-0.1239863E+02  0.1046990E-04
-0.1237909E+02  0.1096091E-04
-0.1235955E+02  0.1148544E-04
-0.1234001E+02  0.1202648E-04
-0.1232047E+02  0.1260276E-04
-0.1230093E+02  0.1319942E-04
-0.1228139E+02  0.1383118E-04
-0.1226185E+02  0.1448810E-04
-0.1224231E+02  0.1517880E-04
-0.1222277E+02  0.1590058E-04
-0.1220322E+02  0.1665387E-04
-0.1218368E+02  0.1744484E-04
-0.1216414E+02  0.1826473E-04
-0.1214460E+02  0.1912968E-04
-0.1212506E+02  0.2002112E-04
-0.1210552E+02  0.2096524E-04
-0.1208598E+02  0.2193467E-04
-0.1206644E+02  0.2296457E-04
-0.1204690E+02  0.2401994E-04
-0.1202736E+02  0.2514299E-04
-0.1200782E+02  0.2629362E-04
-0.1198828E+02  0.2751823E-04
-0.1196873E+02  0.2877543E-04
-0.1194919E+02  0.3011133E-04
-0.1192965E+02  0.3148685E-04
-0.1191011E+02  0.3294396E-04
-0.1189057E+02  0.3444944E-04
-0.1187103E+02  0.3603707E-04
-0.1185149E+02  0.3768408E-04
-0.1183195E+02  0.3941257E-04
-0.1181241E+02  0.4121185E-04
-0.1179287E+02  0.4309104E-04
-0.1177333E+02  0.4505356E-04
-0.1175379E+02  0.4709425E-04
-0.1173425E+02  0.4923105E-04
-0.1171470E+02  0.5144539E-04
-0.1169516E+02  0.5376798E-04
-0.1167562E+02  0.5616927E-04
-0.1165608E+02  0.5869060E-04
-0.1163654E+02  0.6129548E-04
-0.1161700E+02  0.6403154E-04
-0.1159746E+02  0.6685980E-04
-0.1157792E+02  0.6982953E-04
-0.1155838E+02  0.7290368E-04
-0.1153884E+02  0.7612879E-04
-0.1151930E+02  0.7947385E-04
-0.1149976E+02  0.8297829E-04
-0.1148021E+02  0.8662119E-04
-0.1146067E+02  0.9043123E-04
-0.1144113E+02  0.9439878E-04
-0.1142159E+02  0.9854057E-04
-0.1140205E+02  0.1028601E-03
-0.1138251E+02  0.1073613E-03
-0.1136297E+02  0.1120599E-03
-0.1134343E+02  0.1169490E-03
-0.1132389E+02  0.1220529E-03
-0.1130435E+02  0.1273581E-03
-0.1128481E+02  0.1328935E-03
-0.1126527E+02  0.1386451E-03
-0.1124573E+02  0.1446400E-03
-0.1122618E+02  0.1508701E-03
-0.1120664E+02  0.1573553E-03
-0.1118710E+02  0.1640980E-03
-0.1116756E+02  0.1711067E-03
-0.1114802E+02  0.1784005E-03
-0.1112848E+02  0.1859720E-03
-0.1110894E+02  0.1938602E-03
-0.1108940E+02  0.2020412E-03
-0.1106986E+02  0.2105732E-03
-0.1105032E+02  0.2194146E-03
-0.1103078E+02  0.2286432E-03
-0.1101124E+02  0.2382021E-03
-0.1099170E+02  0.2481843E-03
-0.1097215E+02  0.2585225E-03
-0.1095261E+02  0.2693164E-03
-0.1093307E+02  0.2804974E-03
-0.1091353E+02  0.2921639E-03
-0.1089399E+02  0.3042545E-03
-0.1087445E+02  0.3168564E-03
-0.1085491E+02  0.3299250E-03
-0.1083537E+02  0.3435257E-03
-0.1081583E+02  0.3576419E-03
-0.1079629E+02  0.3723077E-03
-0.1077675E+02  0.3875446E-03
-0.1075721E+02  0.4033479E-03
-0.1073766E+02  0.4197840E-03
-0.1071812E+02  0.4368055E-03
-0.1069858E+02  0.4545251E-03
-0.1067904E+02  0.4728530E-03
-0.1065950E+02  0.4919475E-03
-0.1063996E+02  0.5116812E-03
-0.1062042E+02  0.5322505E-03
-0.1060088E+02  0.5534994E-03
-0.1058134E+02  0.5756513E-03
-0.1056180E+02  0.5985336E-03
-0.1054226E+02  0.6223828E-03
-0.1052272E+02  0.6470243E-03
-0.1050318E+02  0.6726921E-03
-0.1048363E+02  0.6992240E-03
-0.1046409E+02  0.7268347E-03
-0.1044455E+02  0.7553915E-03
-0.1042501E+02  0.7850735E-03
-0.1040547E+02  0.8157935E-03
-0.1038593E+02  0.8476797E-03
-0.1036639E+02  0.8807001E-03
-0.1034685E+02  0.9149266E-03
-0.1032731E+02  0.9503894E-03
-0.1030777E+02  0.9870992E-03
-0.1028823E+02  0.1025151E-02
-0.1026869E+02  0.1064499E-02
-0.1024915E+02  0.1105299E-02
-0.1022960E+02  0.1147458E-02
-0.1021006E+02  0.1191183E-02
-0.1019052E+02  0.1236346E-02
-0.1017098E+02  0.1283191E-02
-0.1015144E+02  0.1331576E-02
-0.1013190E+02  0.1381758E-02
-0.1011236E+02  0.1433601E-02
-0.1009282E+02  0.1487353E-02
-0.1007328E+02  0.1542905E-02
-0.1005374E+02  0.1600479E-02
-0.1003420E+02  0.1660004E-02
-0.1001466E+02  0.1721660E-02
-0.9995115E+01  0.1785426E-02
-0.9975574E+01  0.1851427E-02
-0.9956033E+01  0.1919697E-02
-0.9936492E+01  0.1990310E-02
-0.9916952E+01  0.2063354E-02
-0.9897411E+01  0.2138853E-02
-0.9877870E+01  0.2216944E-02
-0.9858329E+01  0.2297609E-02
-0.9838788E+01  0.2381023E-02
-0.9819248E+01  0.2467150E-02
-0.9799707E+01  0.2556177E-02
-0.9780166E+01  0.2648075E-02
-0.9760625E+01  0.2743024E-02
-0.9741085E+01  0.2841029E-02
-0.9721544E+01  0.2942235E-02
-0.9702003E+01  0.3046708E-02
-0.9682462E+01  0.3154540E-02
-0.9662921E+01  0.3265871E-02
-0.9643381E+01  0.3380723E-02
-0.9623840E+01  0.3499330E-02
-0.9604299E+01  0.3621630E-02
-0.9584758E+01  0.3747954E-02
-0.9565217E+01  0.3878153E-02
-0.9545677E+01  0.4012646E-02
-0.9526136E+01  0.4151213E-02
-0.9506595E+01  0.4294344E-02
-0.9487054E+01  0.4441756E-02
-0.9467513E+01  0.4593988E-02
-0.9447973E+01  0.4750728E-02
-0.9428432E+01  0.4912530E-02
-0.9408891E+01  0.5079090E-02
-0.9389350E+01  0.5250936E-02
-0.9369809E+01  0.5427817E-02
-0.9350269E+01  0.5610193E-02
-0.9330728E+01  0.5797908E-02
-0.9311187E+01  0.5991325E-02
-0.9291646E+01  0.6190416E-02
-0.9272106E+01  0.6395415E-02
-0.9252565E+01  0.6606456E-02
-0.9233024E+01  0.6823616E-02
-0.9213483E+01  0.7047213E-02
-0.9193942E+01  0.7277161E-02
-0.9174402E+01  0.7513963E-02
-0.9154861E+01  0.7757369E-02
-0.9135320E+01  0.8008045E-02
-0.9115779E+01  0.8265598E-02
-0.9096238E+01  0.8530840E-02
-0.9076698E+01  0.8803260E-02
-0.9057157E+01  0.9083776E-02
-0.9037616E+01  0.9371799E-02
-0.9018075E+01  0.9668299E-02
-0.8998534E+01  0.9972663E-02
-0.8978994E+01  0.1028586E-01
-0.8959453E+01  0.1060729E-01
-0.8939912E+01  0.1093789E-01
-0.8920371E+01  0.1127713E-01
-0.8900830E+01  0.1162583E-01
-0.8881290E+01  0.1198362E-01
-0.8861749E+01  0.1235114E-01
-0.8842208E+01  0.1272822E-01
-0.8822667E+01  0.1311534E-01
-0.8803127E+01  0.1351251E-01
-0.8783586E+01  0.1392001E-01
-0.8764045E+01  0.1433808E-01
-0.8744504E+01  0.1476684E-01
-0.8724963E+01  0.1520669E-01
-0.8705423E+01  0.1565763E-01
-0.8685882E+01  0.1612021E-01
-0.8666341E+01  0.1659430E-01
-0.8646800E+01  0.1708060E-01
-0.8627259E+01  0.1757887E-01
-0.8607719E+01  0.1808989E-01
-0.8588178E+01  0.1861339E-01
-0.8568637E+01  0.1915015E-01
-0.8549096E+01  0.1969993E-01
-0.8529555E+01  0.2026344E-01
-0.8510015E+01  0.2084053E-01
-0.8490474E+01  0.2143176E-01
-0.8470933E+01  0.2203712E-01
-0.8451392E+01  0.2265702E-01
-0.8431851E+01  0.2329158E-01
-0.8412311E+01  0.2394102E-01
-0.8392770E+01  0.2460565E-01
-0.8373229E+01  0.2528548E-01
-0.8353688E+01  0.2598099E-01
-0.8334148E+01  0.2669205E-01
-0.8314607E+01  0.2741925E-01
-0.8295066E+01  0.2816234E-01
-0.8275525E+01  0.2892201E-01
-0.8255984E+01  0.2969796E-01
-0.8236444E+01  0.3049091E-01
-0.8216903E+01  0.3130056E-01
-0.8197362E+01  0.3212760E-01
-0.8177821E+01  0.3297184E-01
-0.8158280E+01  0.3383385E-01
-0.8138740E+01  0.3471361E-01
-0.8119199E+01  0.3561148E-01
-0.8099658E+01  0.3652768E-01
-0.8080117E+01  0.3746232E-01
-0.8060576E+01  0.3841590E-01
-0.8041036E+01  0.3938821E-01
-0.8021495E+01  0.4038006E-01
-0.8001954E+01  0.4139089E-01
-0.7982413E+01  0.4242183E-01
-0.7962872E+01  0.4347197E-01
-0.7943332E+01  0.4454275E-01
-0.7923791E+01  0.4563289E-01
-0.7904250E+01  0.4674406E-01
-0.7884709E+01  0.4787473E-01
-0.7865169E+01  0.4902674E-01
-0.7845628E+01  0.5019835E-01
-0.7826087E+01  0.5139147E-01
-0.7806546E+01  0.5260429E-01
-0.7787005E+01  0.5383866E-01
-0.7767465E+01  0.5509287E-01
-0.7747924E+01  0.5636856E-01
-0.7728383E+01  0.5766423E-01
-0.7708842E+01  0.5898124E-01
-0.7689301E+01  0.6031842E-01
-0.7669761E+01  0.6167674E-01
-0.7650220E+01  0.6305545E-01
-0.7630679E+01  0.6445508E-01
-0.7611138E+01  0.6587535E-01
-0.7591597E+01  0.6731631E-01
-0.7572057E+01  0.6877818E-01
-0.7552516E+01  0.7026050E-01
-0.7532975E+01  0.7176400E-01
-0.7513434E+01  0.7328772E-01
-0.7493894E+01  0.7483285E-01
-0.7474353E+01  0.7639801E-01
-0.7454812E+01  0.7798476E-01
-0.7435271E+01  0.7959134E-01
-0.7415730E+01  0.8121954E-01
-0.7396190E+01  0.8286738E-01
-0.7376649E+01  0.8453673E-01
-0.7357108E+01  0.8622552E-01
-0.7337567E+01  0.8793556E-01
-0.7318026E+01  0.8966484E-01
-0.7298486E+01  0.9141496E-01
-0.7278945E+01  0.9318406E-01
-0.7259404E+01  0.9497344E-01
-0.7239863E+01  0.9678149E-01
-0.7220322E+01  0.9860914E-01
-0.7200782E+01  0.1004551E+00
-0.7181241E+01  0.1023199E+00
-0.7161700E+01  0.1042026E+00
-0.7142159E+01  0.1061033E+00
-0.7122618E+01  0.1080213E+00
-0.7103078E+01  0.1099565E+00
-0.7083537E+01  0.1119085E+00
-0.7063996E+01  0.1138767E+00
-0.7044455E+01  0.1158610E+00
-0.7024915E+01  0.1178605E+00
-0.7005374E+01  0.1198754E+00
-0.6985833E+01  0.1219045E+00
-0.6966292E+01  0.1239480E+00
-0.6946751E+01  0.1260046E+00
-0.6927211E+01  0.1280744E+00
-0.6907670E+01  0.1301563E+00
-0.6888129E+01  0.1322498E+00
-0.6868588E+01  0.1343543E+00
-0.6849047E+01  0.1364688E+00
-0.6829507E+01  0.1385927E+00
-0.6809966E+01  0.1407248E+00
-0.6790425E+01  0.1428648E+00
-0.6770884E+01  0.1450109E+00
-0.6751343E+01  0.1471631E+00
-0.6731803E+01  0.1493192E+00
-0.6712262E+01  0.1514796E+00
-0.6692721E+01  0.1536414E+00
-0.6673180E+01  0.1558055E+00
-0.6653639E+01  0.1579686E+00
-0.6634099E+01  0.1601318E+00
-0.6614558E+01  0.1622914E+00
-0.6595017E+01  0.1644489E+00
-0.6575476E+01  0.1666004E+00
-0.6555936E+01  0.1687473E+00
-0.6536395E+01  0.1708857E+00
-0.6516854E+01  0.1730170E+00
-0.6497313E+01  0.1751375E+00
-0.6477772E+01  0.1772481E+00
-0.6458232E+01  0.1793457E+00
-0.6438691E+01  0.1814306E+00
-0.6419150E+01  0.1835002E+00
-0.6399609E+01  0.1855543E+00
-0.6380068E+01  0.1875907E+00
-0.6360528E+01  0.1896087E+00
-0.6340987E+01  0.1916067E+00
-0.6321446E+01  0.1935831E+00
-0.6301905E+01  0.1955373E+00
-0.6282364E+01  0.1974668E+00
-0.6262824E+01  0.1993717E+00
-0.6243283E+01  0.2012488E+00
-0.6223742E+01  0.2030989E+00
-0.6204201E+01  0.2049183E+00
-0.6184660E+01  0.2067083E+00
-0.6165120E+01  0.2084647E+00
-0.6145579E+01  0.2101895E+00
-0.6126038E+01  0.2118780E+00
-0.6106497E+01  0.2135327E+00
-0.6086957E+01  0.2151489E+00
-0.6067416E+01  0.2167291E+00
-0.6047875E+01  0.2182689E+00
-0.6028334E+01  0.2197708E+00
-0.6008793E+01  0.2212307E+00
-0.5989253E+01  0.2226509E+00
-0.5969712E+01  0.2240277E+00
-0.5950171E+01  0.2253633E+00
-0.5930630E+01  0.2266544E+00
-0.5911089E+01  0.2279028E+00
-0.5891549E+01  0.2291058E+00
-0.5872008E+01  0.2302646E+00
-0.5852467E+01  0.2313773E+00
-0.5832926E+01  0.2324443E+00
-0.5813385E+01  0.2334646E+00
-0.5793845E+01  0.2344378E+00
-0.5774304E+01  0.2353633E+00
-0.5754763E+01  0.2362405E+00
-0.5735222E+01  0.2370689E+00
-0.5715681E+01  0.2378475E+00
-0.5696141E+01  0.2385764E+00
-0.5676600E+01  0.2392538E+00
-0.5657059E+01  0.2398801E+00
-0.5637518E+01  0.2404535E+00
-0.5617978E+01  0.2409741E+00
-0.5598437E+01  0.2414402E+00
-0.5578896E+01  0.2418518E+00
-0.5559355E+01  0.2422072E+00
-0.5539814E+01  0.2425063E+00
-0.5520274E+01  0.2427476E+00
-0.5500733E+01  0.2429306E+00
-0.5481192E+01  0.2430543E+00
-0.5461651E+01  0.2431177E+00
-0.5442110E+01  0.2431203E+00
-0.5422570E+01  0.2430606E+00
-0.5403029E+01  0.2429386E+00
-0.5383488E+01  0.2427523E+00
-0.5363947E+01  0.2425024E+00
-0.5344406E+01  0.2421863E+00
-0.5324866E+01  0.2418053E+00
-0.5305325E+01  0.2413564E+00
-0.5285784E+01  0.2408412E+00
-0.5266243E+01  0.2402566E+00
-0.5246702E+01  0.2396045E+00
-0.5227162E+01  0.2388816E+00
-0.5207621E+01  0.2380901E+00
-0.5188080E+01  0.2372269E+00
-0.5168539E+01  0.2362940E+00
-0.5148999E+01  0.2352887E+00
-0.5129458E+01  0.2342130E+00
-0.5109917E+01  0.2330645E+00
-0.5090376E+01  0.2318452E+00
-0.5070835E+01  0.2305533E+00
-0.5051295E+01  0.2291904E+00
-0.5031754E+01  0.2277557E+00
-0.5012213E+01  0.2262503E+00
-0.4992672E+01  0.2246744E+00
-0.4973131E+01  0.2230287E+00
-0.4953591E+01  0.2213146E+00
-0.4934050E+01  0.2195321E+00
-0.4914509E+01  0.2176838E+00
-0.4894968E+01  0.2157694E+00
-0.4875427E+01  0.2137925E+00
-0.4855887E+01  0.2117525E+00
-0.4836346E+01  0.2096539E+00
-0.4816805E+01  0.2074961E+00
-0.4797264E+01  0.2052842E+00
-0.4777723E+01  0.2030175E+00
-0.4758183E+01  0.2007019E+00
-0.4738642E+01  0.1983367E+00
-0.4719101E+01  0.1959282E+00
-0.4699560E+01  0.1934759E+00
-0.4680020E+01  0.1909862E+00
-0.4660479E+01  0.1884589E+00
-0.4640938E+01  0.1859005E+00
-0.4621397E+01  0.1833109E+00
-0.4601856E+01  0.1806967E+00
-0.4582316E+01  0.1780581E+00
-0.4562775E+01  0.1754013E+00
-0.4543234E+01  0.1727269E+00
-0.4523693E+01  0.1700408E+00
-0.4504152E+01  0.1673437E+00
-0.4484612E+01  0.1646411E+00
-0.4465071E+01  0.1619341E+00
-0.4445530E+01  0.1592274E+00
-0.4425989E+01  0.1565226E+00
-0.4406448E+01  0.1538236E+00
-0.4386908E+01  0.1511324E+00
-0.4367367E+01  0.1484519E+00
-0.4347826E+01  0.1457845E+00
-0.4328285E+01  0.1431326E+00
-0.4308745E+01  0.1404983E+00
-0.4289204E+01  0.1378835E+00
-0.4269663E+01  0.1352906E+00
-0.4250122E+01  0.1327207E+00
-0.4230581E+01  0.1301760E+00
-0.4211041E+01  0.1276574E+00
-0.4191500E+01  0.1251667E+00
-0.4171959E+01  0.1227045E+00
-0.4152418E+01  0.1202725E+00
-0.4132877E+01  0.1178708E+00
-0.4113337E+01  0.1155007E+00
-0.4093796E+01  0.1131624E+00
-0.4074255E+01  0.1108568E+00
-0.4054714E+01  0.1085839E+00
-0.4035173E+01  0.1063442E+00
-0.4015633E+01  0.1041378E+00
-0.3996092E+01  0.1019646E+00
-0.3976551E+01  0.9982503E-01
-0.3957010E+01  0.9771851E-01
-0.3937469E+01  0.9564552E-01
-0.3917929E+01  0.9360521E-01
-0.3898388E+01  0.9159820E-01
-0.3878847E+01  0.8962331E-01
-0.3859306E+01  0.8768136E-01
-0.3839766E+01  0.8577088E-01
-0.3820225E+01  0.8389292E-01
-0.3800684E+01  0.8204578E-01
-0.3781143E+01  0.8023070E-01
-0.3761602E+01  0.7844583E-01
-0.3742062E+01  0.7669258E-01
-0.3722521E+01  0.7496904E-01
-0.3702980E+01  0.7327670E-01
-0.3683439E+01  0.7161369E-01
-0.3663898E+01  0.6998152E-01
-0.3644358E+01  0.6837842E-01
-0.3624817E+01  0.6680589E-01
-0.3605276E+01  0.6526226E-01
-0.3585735E+01  0.6374900E-01
-0.3566194E+01  0.6226462E-01
-0.3546654E+01  0.6081045E-01
-0.3527113E+01  0.5938520E-01
-0.3507572E+01  0.5799004E-01
-0.3488031E+01  0.5662391E-01
-0.3468490E+01  0.5528774E-01
-0.3448950E+01  0.5398076E-01
-0.3429409E+01  0.5270360E-01
-0.3409868E+01  0.5145574E-01
-0.3390327E+01  0.5023754E-01
-0.3370787E+01  0.4904869E-01
-0.3351246E+01  0.4788931E-01
-0.3331705E+01  0.4675929E-01
-0.3312164E+01  0.4565846E-01
-0.3292623E+01  0.4458694E-01
-0.3273083E+01  0.4354427E-01
-0.3253542E+01  0.4253076E-01
-0.3234001E+01  0.4154571E-01
-0.3214460E+01  0.4058959E-01
-0.3194919E+01  0.3966150E-01
-0.3175379E+01  0.3876204E-01
-0.3155838E+01  0.3789017E-01
-0.3136297E+01  0.3704660E-01
-0.3116756E+01  0.3623017E-01
-0.3097215E+01  0.3544168E-01
-0.3077675E+01  0.3467992E-01
-0.3058134E+01  0.3394573E-01
-0.3038593E+01  0.3323790E-01
-0.3019052E+01  0.3255729E-01
-0.2999511E+01  0.3190276E-01
-0.2979971E+01  0.3127514E-01
-0.2960430E+01  0.3067337E-01
-0.2940889E+01  0.3009826E-01
-0.2921348E+01  0.2954885E-01
-0.2901808E+01  0.2902587E-01
-0.2882267E+01  0.2852848E-01
-0.2862726E+01  0.2805733E-01
-0.2843185E+01  0.2761167E-01
-0.2823644E+01  0.2719201E-01
-0.2804104E+01  0.2679773E-01
-0.2784563E+01  0.2642911E-01
-0.2765022E+01  0.2608567E-01
-0.2745481E+01  0.2576743E-01
-0.2725940E+01  0.2547398E-01
-0.2706400E+01  0.2520507E-01
-0.2686859E+01  0.2496031E-01
-0.2667318E+01  0.2473917E-01
-0.2647777E+01  0.2454122E-01
-0.2628236E+01  0.2436560E-01
-0.2608696E+01  0.2421181E-01
-0.2589155E+01  0.2407865E-01
-0.2569614E+01  0.2396551E-01
-0.2550073E+01  0.2387085E-01
-0.2530532E+01  0.2379388E-01
-0.2510992E+01  0.2373275E-01
-0.2491451E+01  0.2368648E-01
-0.2471910E+01  0.2365293E-01
-0.2452369E+01  0.2363089E-01
-0.2432829E+01  0.2361799E-01
-0.2413288E+01  0.2361281E-01
-0.2393747E+01  0.2361278E-01
-0.2374206E+01  0.2361626E-01
-0.2354665E+01  0.2362061E-01
-0.2335125E+01  0.2362399E-01
-0.2315584E+01  0.2362374E-01
-0.2296043E+01  0.2361789E-01
-0.2276502E+01  0.2360388E-01
-0.2256961E+01  0.2357965E-01
-0.2237421E+01  0.2354283E-01
-0.2217880E+01  0.2349135E-01
-0.2198339E+01  0.2342314E-01
-0.2178798E+01  0.2333618E-01
-0.2159257E+01  0.2322881E-01
-0.2139717E+01  0.2309914E-01
-0.2120176E+01  0.2294597E-01
-0.2100635E+01  0.2276766E-01
-0.2081094E+01  0.2256354E-01
-0.2061553E+01  0.2233224E-01
-0.2042013E+01  0.2207370E-01
-0.2022472E+01  0.2178689E-01
-0.2002931E+01  0.2147235E-01
-0.1983390E+01  0.2112944E-01
-0.1963850E+01  0.2075929E-01
-0.1944309E+01  0.2036169E-01
-0.1924768E+01  0.1993832E-01
-0.1905227E+01  0.1948938E-01
-0.1885686E+01  0.1901708E-01
-0.1866146E+01  0.1852198E-01
-0.1846605E+01  0.1800674E-01
-0.1827064E+01  0.1747227E-01
-0.1807523E+01  0.1692155E-01
-0.1787982E+01  0.1635577E-01
-0.1768442E+01  0.1577813E-01
-0.1748901E+01  0.1519006E-01
-0.1729360E+01  0.1459485E-01
-0.1709819E+01  0.1399405E-01
-0.1690278E+01  0.1339095E-01
-0.1670738E+01  0.1278712E-01
-0.1651197E+01  0.1218574E-01
-0.1631656E+01  0.1158835E-01
-0.1612115E+01  0.1099786E-01
-0.1592574E+01  0.1041570E-01
-0.1573034E+01  0.9844480E-02
-0.1553493E+01  0.9285421E-02
-0.1533952E+01  0.8740745E-02
-0.1514411E+01  0.8211446E-02
-0.1494871E+01  0.7699311E-02
-0.1475330E+01  0.7205063E-02
-0.1455789E+01  0.6730029E-02
-0.1436248E+01  0.6274645E-02
-0.1416707E+01  0.5839792E-02
-0.1397167E+01  0.5425617E-02
-0.1377626E+01  0.5032576E-02
-0.1358085E+01  0.4660549E-02
-0.1338544E+01  0.4309601E-02
-0.1319003E+01  0.3979379E-02
-0.1299463E+01  0.3669612E-02
-0.1279922E+01  0.3379756E-02
-0.1260381E+01  0.3109267E-02
-0.1240840E+01  0.2857460E-02
-0.1221299E+01  0.2623588E-02
-0.1201759E+01  0.2406871E-02
-0.1182218E+01  0.2206423E-02
-0.1162677E+01  0.2021422E-02
-0.1143136E+01  0.1850902E-02
-0.1123596E+01  0.1694045E-02
-0.1104055E+01  0.1549860E-02
-0.1084514E+01  0.1417568E-02
-0.1064973E+01  0.1296199E-02
-0.1045432E+01  0.1185038E-02
-0.1025892E+01  0.1083168E-02
-0.1006351E+01  0.9899638E-03
-0.9868100E+00  0.9045783E-03
-0.9672692E+00  0.8264843E-03
-0.9477284E+00  0.7549232E-03
-0.9281876E+00  0.6894638E-03
-0.9086468E+00  0.6294379E-03
-0.8891060E+00  0.5745083E-03
-0.8695652E+00  0.5240938E-03
-0.8500244E+00  0.4779405E-03
-0.8304836E+00  0.4355491E-03
-0.8109428E+00  0.3967367E-03
-0.7914021E+00  0.3610751E-03
-0.7718613E+00  0.3284360E-03
-0.7523205E+00  0.2984531E-03
-0.7327797E+00  0.2710394E-03
-0.7132389E+00  0.2458792E-03
-0.6936981E+00  0.2229157E-03
-0.6741573E+00  0.2018755E-03
-0.6546165E+00  0.1827207E-03
-0.6350757E+00  0.1652123E-03
-0.6155349E+00  0.1493238E-03
-0.5959941E+00  0.1348449E-03
-0.5764533E+00  0.1217553E-03
-0.5569126E+00  0.1098693E-03
-0.5373718E+00  0.9916885E-04
-0.5178310E+00  0.8948980E-04
-0.4982902E+00  0.8081508E-04
-0.4787494E+00  0.7300067E-04
-0.4592086E+00  0.6602934E-04
-0.4396678E+00  0.5977534E-04
-0.4201270E+00  0.5422100E-04
-0.4005862E+00  0.4925857E-04
-0.3810454E+00  0.4487022E-04
-0.3615046E+00  0.4096465E-04
-0.3419638E+00  0.3752459E-04
-0.3224231E+00  0.3447370E-04
-0.3028823E+00  0.3179584E-04
-0.2833415E+00  0.2942868E-04
-0.2638007E+00  0.2735698E-04
-0.2442599E+00  0.2553103E-04
-0.2247191E+00  0.2393689E-04
-0.2051783E+00  0.2253559E-04
-0.1856375E+00  0.2131437E-04
-0.1660967E+00  0.2024346E-04
-0.1465559E+00  0.1931168E-04
-0.1270151E+00  0.1849670E-04
-0.1074744E+00  0.1778865E-04
-0.8793356E-01  0.1717155E-04
-0.6839277E-01  0.1663670E-04
-0.4885198E-01  0.1617296E-04
-0.2931119E-01  0.1577241E-04
-0.9770396E-02  0.1542774E-04
 0.9770396E-02  0.1513195E-04
 0.2931119E-01  0.1488070E-04
 0.4885198E-01  0.1466765E-04
 0.6839277E-01  0.1449079E-04
 0.8793356E-01  0.1434409E-04
 0.1074744E+00  0.1422743E-04
 0.1270151E+00  0.1413494E-04
 0.1465559E+00  0.1406804E-04
 0.1660967E+00  0.1402071E-04
 0.1856375E+00  0.1399582E-04
 0.2051783E+00  0.1398707E-04
 0.2247191E+00  0.1399867E-04
 0.2442599E+00  0.1402348E-04
 0.2638007E+00  0.1406757E-04
 0.2833415E+00  0.1412270E-04
 0.3028823E+00  0.1419662E-04
 0.3224231E+00  0.1427956E-04
 0.3419638E+00  0.1438140E-04
 0.3615046E+00  0.1449063E-04
 0.3810454E+00  0.1461927E-04
 0.4005862E+00  0.1475367E-04
 0.4201270E+00  0.1490838E-04
 0.4396678E+00  0.1506742E-04
 0.4592086E+00  0.1524811E-04
 0.4787494E+00  0.1543164E-04
 0.4982902E+00  0.1563850E-04
 0.5178310E+00  0.1584696E-04
 0.5373718E+00  0.1608056E-04
 0.5569126E+00  0.1631467E-04
 0.5764533E+00  0.1657556E-04
 0.5959941E+00  0.1683629E-04
 0.6155349E+00  0.1712529E-04
 0.6350757E+00  0.1741369E-04
 0.6546165E+00  0.1773158E-04
 0.6741573E+00  0.1804900E-04
 0.6936981E+00  0.1839684E-04
 0.7132389E+00  0.1874484E-04
 0.7327797E+00  0.1912349E-04
 0.7523205E+00  0.1950340E-04
 0.7718613E+00  0.1991384E-04
 0.7914021E+00  0.2032729E-04
 0.8109428E+00  0.2077043E-04
 0.8304836E+00  0.2121876E-04
 0.8500244E+00  0.2169534E-04
 0.8695652E+00  0.2217993E-04
 0.8891060E+00  0.2269055E-04
 0.9086468E+00  0.2321246E-04
 0.9281876E+00  0.2375796E-04
 0.9477284E+00  0.2431840E-04
 0.9672692E+00  0.2489963E-04
 0.9868100E+00  0.2550001E-04
 0.1006351E+01  0.2611818E-04
 0.1025892E+01  0.2675984E-04
 0.1045432E+01  0.2741642E-04
 0.1064973E+01  0.2810074E-04
 0.1084514E+01  0.2879761E-04
 0.1104055E+01  0.2952647E-04
 0.1123596E+01  0.3026616E-04
 0.1143136E+01  0.3104190E-04
 0.1162677E+01  0.3182740E-04
 0.1182218E+01  0.3265232E-04
 0.1201759E+01  0.3348669E-04
 0.1221299E+01  0.3436351E-04
 0.1240840E+01  0.3525028E-04
 0.1260381E+01  0.3618169E-04
 0.1279922E+01  0.3712421E-04
 0.1299463E+01  0.3811281E-04
 0.1319003E+01  0.3911450E-04
 0.1338544E+01  0.4016304E-04
 0.1358085E+01  0.4122674E-04
 0.1377626E+01  0.4233712E-04
 0.1397167E+01  0.4346525E-04
 0.1416707E+01  0.4463966E-04
 0.1436248E+01  0.4583458E-04
 0.1455789E+01  0.4707501E-04
 0.1475330E+01  0.4833888E-04
 0.1494871E+01  0.4964745E-04
 0.1514411E+01  0.5098166E-04
 0.1533952E+01  0.5236020E-04
 0.1553493E+01  0.5376655E-04
 0.1573034E+01  0.5521768E-04
 0.1592574E+01  0.5669849E-04
 0.1612115E+01  0.5822545E-04
 0.1631656E+01  0.5978284E-04
 0.1651197E+01  0.6138853E-04
 0.1670738E+01  0.6302519E-04
 0.1690278E+01  0.6471307E-04
 0.1709819E+01  0.6643180E-04
 0.1729360E+01  0.6820575E-04
 0.1748901E+01  0.7001028E-04
 0.1768442E+01  0.7187454E-04
 0.1787982E+01  0.7376868E-04
 0.1807523E+01  0.7572710E-04
 0.1827064E+01  0.7771453E-04
 0.1846605E+01  0.7977050E-04
 0.1866146E+01  0.8185526E-04
 0.1885686E+01  0.8401171E-04
 0.1905227E+01  0.8619723E-04
 0.1924768E+01  0.8845662E-04
 0.1944309E+01  0.9074628E-04
 0.1963850E+01  0.9311086E-04
 0.1983390E+01  0.9550788E-04
 0.2002931E+01  0.9797918E-04
 0.2022472E+01  0.1004868E-03
 0.2042013E+01  0.1030666E-03
 0.2061553E+01  0.1056889E-03
 0.2081094E+01  0.1083795E-03
 0.2100635E+01  0.1111206E-03
 0.2120176E+01  0.1139242E-03
 0.2139717E+01  0.1167885E-03
 0.2159257E+01  0.1197094E-03
 0.2178798E+01  0.1227028E-03
 0.2198339E+01  0.1257466E-03
 0.2217880E+01  0.1288762E-03
 0.2237421E+01  0.1320510E-03
 0.2256961E+01  0.1353254E-03
 0.2276502E+01  0.1386404E-03
 0.2296043E+01  0.1420686E-03
 0.2315584E+01  0.1455341E-03
 0.2335125E+01  0.1491263E-03
 0.2354665E+01  0.1527548E-03
 0.2374206E+01  0.1565220E-03
 0.2393747E+01  0.1603270E-03
 0.2413288E+01  0.1642816E-03
 0.2432829E+01  0.1682784E-03
 0.2452369E+01  0.1724329E-03
 0.2471910E+01  0.1766366E-03
 0.2491451E+01  0.1810041E-03
 0.2510992E+01  0.1854301E-03
 0.2530532E+01  0.1900240E-03
 0.2550073E+01  0.1946889E-03
 0.2569614E+01  0.1995238E-03
 0.2589155E+01  0.2044447E-03
 0.2608696E+01  0.2095369E-03
 0.2628236E+01  0.2147325E-03
 0.2647777E+01  0.2201005E-03
 0.2667318E+01  0.2255908E-03
 0.2686859E+01  0.2312555E-03
 0.2706400E+01  0.2370631E-03
 0.2725940E+01  0.2430499E-03
 0.2745481E+01  0.2492005E-03
 0.2765022E+01  0.2555370E-03
 0.2784563E+01  0.2620591E-03
 0.2804104E+01  0.2687781E-03
 0.2823644E+01  0.2757049E-03
 0.2843185E+01  0.2828430E-03
 0.2862726E+01  0.2902123E-03
 0.2882267E+01  0.2978110E-03
 0.2901808E+01  0.3056640E-03
 0.2921348E+01  0.3137679E-03
 0.2940889E+01  0.3221494E-03
 0.2960430E+01  0.3308079E-03
 0.2979971E+01  0.3397674E-03
 0.2999511E+01  0.3490325E-03
 0.3019052E+01  0.3586231E-03
 0.3038593E+01  0.3685495E-03
 0.3058134E+01  0.3788273E-03
 0.3077675E+01  0.3894728E-03
 0.3097215E+01  0.4004989E-03
 0.3116756E+01  0.4119256E-03
 0.3136297E+01  0.4237632E-03
 0.3155838E+01  0.4360334E-03
 0.3175379E+01  0.4487505E-03
 0.3194919E+01  0.4619317E-03
 0.3214460E+01  0.4755995E-03
 0.3234001E+01  0.4897596E-03
 0.3253542E+01  0.5044517E-03
 0.3273083E+01  0.5196651E-03
 0.3292623E+01  0.5354600E-03
 0.3312164E+01  0.5518040E-03
 0.3331705E+01  0.5687839E-03
 0.3351246E+01  0.5863422E-03
 0.3370787E+01  0.6045952E-03
 0.3390327E+01  0.6234547E-03
 0.3409868E+01  0.6430699E-03
 0.3429409E+01  0.6633246E-03
 0.3448950E+01  0.6844003E-03
 0.3468490E+01  0.7061533E-03
 0.3488031E+01  0.7287933E-03
 0.3507572E+01  0.7521527E-03
 0.3527113E+01  0.7764645E-03
 0.3546654E+01  0.8015438E-03
 0.3566194E+01  0.8276402E-03
 0.3585735E+01  0.8545623E-03
 0.3605276E+01  0.8825634E-03
 0.3624817E+01  0.9114541E-03
 0.3644358E+01  0.9414825E-03
 0.3663898E+01  0.9724751E-03
 0.3683439E+01  0.1004661E-02
 0.3702980E+01  0.1037891E-02
 0.3722521E+01  0.1072366E-02
 0.3742062E+01  0.1107972E-02
 0.3761602E+01  0.1144868E-02
 0.3781143E+01  0.1182989E-02
 0.3800684E+01  0.1222445E-02
 0.3820225E+01  0.1263223E-02
 0.3839766E+01  0.1305374E-02
 0.3859306E+01  0.1348942E-02
 0.3878847E+01  0.1393925E-02
 0.3898388E+01  0.1440419E-02
 0.3917929E+01  0.1488369E-02
 0.3937469E+01  0.1537924E-02
 0.3957010E+01  0.1588977E-02
 0.3976551E+01  0.1641727E-02
 0.3996092E+01  0.1696020E-02
 0.4015633E+01  0.1752096E-02
 0.4035173E+01  0.1809773E-02
 0.4054714E+01  0.1869316E-02
 0.4074255E+01  0.1930525E-02
 0.4093796E+01  0.1993680E-02
 0.4113337E+01  0.2058576E-02
 0.4132877E+01  0.2125493E-02
 0.4152418E+01  0.2194234E-02
 0.4171959E+01  0.2265065E-02
 0.4191500E+01  0.2337808E-02
 0.4211041E+01  0.2412711E-02
 0.4230581E+01  0.2489619E-02
 0.4250122E+01  0.2568750E-02
 0.4269663E+01  0.2649977E-02
 0.4289204E+01  0.2733487E-02
 0.4308745E+01  0.2819185E-02
 0.4328285E+01  0.2907226E-02
 0.4347826E+01  0.2997544E-02
 0.4367367E+01  0.3090265E-02
 0.4386908E+01  0.3185338E-02
 0.4406448E+01  0.3282879E-02
 0.4425989E+01  0.3382843E-02
 0.4445530E+01  0.3485337E-02
 0.4465071E+01  0.3590311E-02
 0.4484612E+01  0.3697879E-02
 0.4504152E+01  0.3807976E-02
 0.4523693E+01  0.3920733E-02
 0.4543234E+01  0.4036057E-02
 0.4562775E+01  0.4154107E-02
 0.4582316E+01  0.4274759E-02
 0.4601856E+01  0.4398203E-02
 0.4621397E+01  0.4524278E-02
 0.4640938E+01  0.4653210E-02
 0.4660479E+01  0.4784801E-02
 0.4680020E+01  0.4919310E-02
 0.4699560E+01  0.5056506E-02
 0.4719101E+01  0.5196676E-02
 0.4738642E+01  0.5339566E-02
 0.4758183E+01  0.5485472E-02
 0.4777723E+01  0.5634135E-02
 0.4797264E+01  0.5785847E-02
 0.4816805E+01  0.5940371E-02
 0.4836346E+01  0.6097963E-02
 0.4855887E+01  0.6258422E-02
 0.4875427E+01  0.6421949E-02
 0.4894968E+01  0.6588407E-02
 0.4914509E+01  0.6757914E-02
 0.4934050E+01  0.6930416E-02
 0.4953591E+01  0.7105931E-02
 0.4973131E+01  0.7284513E-02
 0.4992672E+01  0.7466052E-02
 0.5012213E+01  0.7650721E-02
 0.5031754E+01  0.7838281E-02
 0.5051295E+01  0.8029036E-02
 0.5070835E+01  0.8222602E-02
 0.5090376E+01  0.8419418E-02
 0.5109917E+01  0.8618967E-02
 0.5129458E+01  0.8821810E-02
 0.5148999E+01  0.9027307E-02
 0.5168539E+01  0.9236129E-02
 0.5188080E+01  0.9447535E-02
 0.5207621E+01  0.9662284E-02
 0.5227162E+01  0.9879552E-02
 0.5246702E+01  0.1010015E-01
 0.5266243E+01  0.1032323E-01
 0.5285784E+01  0.1054963E-01
 0.5305325E+01  0.1077847E-01
 0.5324866E+01  0.1101057E-01
 0.5344406E+01  0.1124509E-01
 0.5363947E+01  0.1148282E-01
 0.5383488E+01  0.1172296E-01
 0.5403029E+01  0.1196621E-01
 0.5422570E+01  0.1221188E-01
 0.5442110E+01  0.1246055E-01
 0.5461651E+01  0.1271163E-01
 0.5481192E+01  0.1296559E-01
 0.5500733E+01  0.1322195E-01
 0.5520274E+01  0.1348104E-01
 0.5539814E+01  0.1374252E-01
 0.5559355E+01  0.1400657E-01
 0.5578896E+01  0.1427299E-01
 0.5598437E+01  0.1454182E-01
 0.5617978E+01  0.1481296E-01
 0.5637518E+01  0.1508635E-01
 0.5657059E+01  0.1536199E-01
 0.5676600E+01  0.1563974E-01
 0.5696141E+01  0.1591963E-01
 0.5715681E+01  0.1620150E-01
 0.5735222E+01  0.1648542E-01
 0.5754763E+01  0.1677119E-01
 0.5774304E+01  0.1705890E-01
 0.5793845E+01  0.1734835E-01
 0.5813385E+01  0.1763963E-01
 0.5832926E+01  0.1793256E-01
 0.5852467E+01  0.1822719E-01
 0.5872008E+01  0.1852340E-01
 0.5891549E+01  0.1882118E-01
 0.5911089E+01  0.1912046E-01
 0.5930630E+01  0.1942119E-01
 0.5950171E+01  0.1972333E-01
 0.5969712E+01  0.2002680E-01
 0.5989253E+01  0.2033157E-01
 0.6008793E+01  0.2063754E-01
 0.6028334E+01  0.2094469E-01
 0.6047875E+01  0.2125290E-01
 0.6067416E+01  0.2156215E-01
 0.6086957E+01  0.2187233E-01
 0.6106497E+01  0.2218335E-01
 0.6126038E+01  0.2249521E-01
 0.6145579E+01  0.2280768E-01
 0.6165120E+01  0.2312088E-01
 0.6184660E+01  0.2343443E-01
 0.6204201E+01  0.2374862E-01
 0.6223742E+01  0.2406290E-01
 0.6243283E+01  0.2437771E-01
 0.6262824E+01  0.2469234E-01
 0.6282364E+01  0.2500742E-01
 0.6301905E+01  0.2532204E-01
 0.6321446E+01  0.2563704E-01
 0.6340987E+01  0.2595133E-01
 0.6360528E+01  0.2626593E-01
 0.6380068E+01  0.2657958E-01
 0.6399609E+01  0.2689346E-01
 0.6419150E+01  0.2720619E-01
 0.6438691E+01  0.2751904E-01
 0.6458232E+01  0.2783059E-01
 0.6477772E+01  0.2814213E-01
 0.6497313E+01  0.2845226E-01
 0.6516854E+01  0.2876222E-01
 0.6536395E+01  0.2907069E-01
 0.6555936E+01  0.2937878E-01
 0.6575476E+01  0.2968534E-01
 0.6595017E+01  0.2999128E-01
 0.6614558E+01  0.3029564E-01
 0.6634099E+01  0.3059912E-01
 0.6653639E+01  0.3090099E-01
 0.6673180E+01  0.3120169E-01
 0.6692721E+01  0.3150075E-01
 0.6712262E+01  0.3179832E-01
 0.6731803E+01  0.3209424E-01
 0.6751343E+01  0.3238835E-01
 0.6770884E+01  0.3268076E-01
 0.6790425E+01  0.3297105E-01
 0.6809966E+01  0.3325957E-01
 0.6829507E+01  0.3354569E-01
 0.6849047E+01  0.3382997E-01
 0.6868588E+01  0.3411157E-01
 0.6888129E+01  0.3439125E-01
 0.6907670E+01  0.3466802E-01
 0.6927211E+01  0.3494277E-01
 0.6946751E+01  0.3521445E-01
 0.6966292E+01  0.3548398E-01
 0.6985833E+01  0.3575031E-01
 0.7005374E+01  0.3601436E-01
 0.7024915E+01  0.3627512E-01
 0.7044455E+01  0.3653347E-01
 0.7063996E+01  0.3678848E-01
 0.7083537E+01  0.3704092E-01
 0.7103078E+01  0.3728998E-01
 0.7122618E+01  0.3753633E-01
 0.7142159E+01  0.3777926E-01
 0.7161700E+01  0.3801931E-01
 0.7181241E+01  0.3825590E-01
 0.7200782E+01  0.3848947E-01
 0.7220322E+01  0.3871950E-01
 0.7239863E+01  0.3894635E-01
 0.7259404E+01  0.3916960E-01
 0.7278945E+01  0.3938954E-01
 0.7298486E+01  0.3960576E-01
 0.7318026E+01  0.3981857E-01
 0.7337567E+01  0.4002755E-01
 0.7357108E+01  0.4023303E-01
 0.7376649E+01  0.4043453E-01
 0.7396190E+01  0.4063245E-01
 0.7415730E+01  0.4082626E-01
 0.7435271E+01  0.4101643E-01
 0.7454812E+01  0.4120233E-01
 0.7474353E+01  0.4138455E-01
 0.7493894E+01  0.4156235E-01
 0.7513434E+01  0.4173643E-01
 0.7532975E+01  0.4190598E-01
 0.7552516E+01  0.4207176E-01
 0.7572057E+01  0.4223292E-01
 0.7591597E+01  0.4239030E-01
 0.7611138E+01  0.4254297E-01
 0.7630679E+01  0.4269181E-01
 0.7650220E+01  0.4283593E-01
 0.7669761E+01  0.4297617E-01
 0.7689301E+01  0.4311170E-01
 0.7708842E+01  0.4324328E-01
 0.7728383E+01  0.4337021E-01
 0.7747924E+01  0.4349307E-01
 0.7767465E+01  0.4361138E-01
 0.7787005E+01  0.4372548E-01
 0.7806546E+01  0.4383515E-01
 0.7826087E+01  0.4394046E-01
 0.7845628E+01  0.4404145E-01
 0.7865169E+01  0.4413789E-01
 0.7884709E+01  0.4423016E-01
 0.7904250E+01  0.4431769E-01
 0.7923791E+01  0.4440120E-01
 0.7943332E+01  0.4447978E-01
 0.7962872E+01  0.4455445E-01
 0.7982413E+01  0.4462402E-01
 0.8001954E+01  0.4468980E-01
 0.8021495E+01  0.4475034E-01
 0.8041036E+01  0.4480716E-01
 0.8060576E+01  0.4485865E-01
 0.8080117E+01  0.4490647E-01
 0.8099658E+01  0.4494890E-01
 0.8119199E+01  0.4498767E-01
 0.8138740E+01  0.4502106E-01
 0.8158280E+01  0.4505078E-01
 0.8177821E+01  0.4507517E-01
 0.8197362E+01  0.4509586E-01
 0.8216903E+01  0.4511133E-01
 0.8236444E+01  0.4512301E-01
 0.8255984E+01  0.4512965E-01
 0.8275525E+01  0.4513240E-01
 0.8295066E+01  0.4513030E-01
 0.8314607E+01  0.4512422E-01
 0.8334148E+01  0.4511349E-01
 0.8353688E+01  0.4509868E-01
 0.8373229E+01  0.4507946E-01
 0.8392770E+01  0.4505606E-01
 0.8412311E+01  0.4502845E-01
 0.8431851E+01  0.4499660E-01
 0.8451392E+01  0.4496073E-01
 0.8470933E+01  0.4492057E-01
 0.8490474E+01  0.4487653E-01
 0.8510015E+01  0.4482819E-01
 0.8529555E+01  0.4477608E-01
 0.8549096E+01  0.4471968E-01
 0.8568637E+01  0.4465958E-01
 0.8588178E+01  0.4459524E-01
 0.8607719E+01  0.4452722E-01
 0.8627259E+01  0.4445503E-01
 0.8646800E+01  0.4437919E-01
 0.8666341E+01  0.4429926E-01
 0.8685882E+01  0.4421568E-01
 0.8705423E+01  0.4412811E-01
 0.8724963E+01  0.4403688E-01
 0.8744504E+01  0.4394175E-01
 0.8764045E+01  0.4384299E-01
 0.8783586E+01  0.4374043E-01
 0.8803127E+01  0.4363428E-01
 0.8822667E+01  0.4352444E-01
 0.8842208E+01  0.4341111E-01
 0.8861749E+01  0.4329416E-01
 0.8881290E+01  0.4317386E-01
 0.8900830E+01  0.4304999E-01
 0.8920371E+01  0.4292295E-01
 0.8939912E+01  0.4279240E-01
 0.8959453E+01  0.4265886E-01
 0.8978994E+01  0.4252185E-01
 0.8998534E+01  0.4238208E-01
 0.9018075E+01  0.4223884E-01
 0.9037616E+01  0.4209306E-01
 0.9057157E+01  0.4194382E-01
 0.9076698E+01  0.4179223E-01
 0.9096238E+01  0.4163718E-01
 0.9115779E+01  0.4147994E-01
 0.9135320E+01  0.4131928E-01
 0.9154861E+01  0.4115656E-01
 0.9174402E+01  0.4099046E-01
 0.9193942E+01  0.4082240E-01
 0.9213483E+01  0.4065103E-01
 0.9233024E+01  0.4047776E-01
 0.9252565E+01  0.4030129E-01
 0.9272106E+01  0.4012290E-01
 0.9291646E+01  0.3994151E-01
 0.9311187E+01  0.3975815E-01
 0.9330728E+01  0.3957202E-01
 0.9350269E+01  0.3938385E-01
 0.9369809E+01  0.3919316E-01
 0.9389350E+01  0.3900037E-01
 0.9408891E+01  0.3880533E-01
 0.9428432E+01  0.3860809E-01
 0.9447973E+01  0.3840892E-01
 0.9467513E+01  0.3820748E-01
 0.9487054E+01  0.3800441E-01
 0.9506595E+01  0.3779903E-01
 0.9526136E+01  0.3759230E-01
 0.9545677E+01  0.3738326E-01
 0.9565217E+01  0.3717313E-01
 0.9584758E+01  0.3696072E-01
 0.9604299E+01  0.3674743E-01
 0.9623840E+01  0.3653194E-01
 0.9643381E+01  0.3631571E-01
 0.9662921E+01  0.3609738E-01
 0.9682462E+01  0.3587842E-01
 0.9702003E+01  0.3565747E-01
 0.9721544E+01  0.3543592E-01
 0.9741085E+01  0.3521253E-01
 0.9760625E+01  0.3498852E-01
 0.9780166E+01  0.3476284E-01
 0.9799707E+01  0.3453648E-01
 0.9819248E+01  0.3430863E-01
 0.9838788E+01  0.3408002E-01
 0.9858329E+01  0.3385009E-01
 0.9877870E+01  0.3361936E-01
 0.9897411E+01  0.3338748E-01
 0.9916952E+01  0.3315477E-01
 0.9936492E+01  0.3292110E-01
 0.9956033E+01  0.3268659E-01
 0.9975574E+01  0.3245128E-01
 0.9995115E+01  0.3221518E-01
 0.1001466E+02  0.3197844E-01
 0.1003420E+02  0.3174098E-01
 0.1005374E+02  0.3150303E-01
 0.1007328E+02  0.3126449E-01
 0.1009282E+02  0.3102557E-01
 0.1011236E+02  0.3078621E-01
 0.1013190E+02  0.3054655E-01
 0.1015144E+02  0.3030659E-01
 0.1017098E+02  0.3006644E-01
 0.1019052E+02  0.2982609E-01
 0.1021006E+02  0.2958561E-01
 0.1022960E+02  0.2934503E-01
 0.1024915E+02  0.2910437E-01
 0.1026869E+02  0.2886368E-01
 0.1028823E+02  0.2862296E-01
 0.1030777E+02  0.2838227E-01
 0.1032731E+02  0.2814160E-01
 0.1034685E+02  0.2790099E-01
 0.1036639E+02  0.2766050E-01
 0.1038593E+02  0.2742004E-01
 0.1040547E+02  0.2717984E-01
 0.1042501E+02  0.2693965E-01
 0.1044455E+02  0.2669987E-01
 0.1046409E+02  0.2646007E-01
 0.1048363E+02  0.2622084E-01
 0.1050318E+02  0.2598158E-01
 0.1052272E+02  0.2574306E-01
 0.1054226E+02  0.2550450E-01
 0.1056180E+02  0.2526685E-01
 0.1058134E+02  0.2502916E-01
 0.1060088E+02  0.2479253E-01
 0.1062042E+02  0.2455591E-01
 0.1063996E+02  0.2432044E-01
 0.1065950E+02  0.2408504E-01
 0.1067904E+02  0.2385085E-01
 0.1069858E+02  0.2361682E-01
 0.1071812E+02  0.2338403E-01
 0.1073766E+02  0.2315151E-01
 0.1075721E+02  0.2292018E-01
 0.1077675E+02  0.2268927E-01
 0.1079629E+02  0.2245949E-01
 0.1081583E+02  0.2223027E-01
 0.1083537E+02  0.2200208E-01
 0.1085491E+02  0.2177462E-01
 0.1087445E+02  0.2154808E-01
 0.1089399E+02  0.2132247E-01
 0.1091353E+02  0.2109766E-01
 0.1093307E+02  0.2087396E-01
 0.1095261E+02  0.2065098E-01
 0.1097215E+02  0.2042927E-01
 0.1099170E+02  0.2020821E-01
 0.1101124E+02  0.1998857E-01
 0.1103078E+02  0.1976955E-01
 0.1105032E+02  0.1955205E-01
 0.1106986E+02  0.1933517E-01
 0.1108940E+02  0.1911990E-01
 0.1110894E+02  0.1890528E-01
 0.1112848E+02  0.1869233E-01
 0.1114802E+02  0.1848008E-01
 0.1116756E+02  0.1826951E-01
 0.1118710E+02  0.1805973E-01
 0.1120664E+02  0.1785160E-01
 0.1122618E+02  0.1764438E-01
 0.1124573E+02  0.1743874E-01
 0.1126527E+02  0.1723412E-01
 0.1128481E+02  0.1703101E-01
 0.1130435E+02  0.1682902E-01
 0.1132389E+02  0.1662848E-01
 0.1134343E+02  0.1642914E-01
 0.1136297E+02  0.1623120E-01
 0.1138251E+02  0.1603453E-01
 0.1140205E+02  0.1583921E-01
 0.1142159E+02  0.1564524E-01
 0.1144113E+02  0.1545258E-01
 0.1146067E+02  0.1526131E-01
 0.1148021E+02  0.1507135E-01
 0.1149976E+02  0.1488281E-01
 0.1151930E+02  0.1469561E-01
 0.1153884E+02  0.1450985E-01
 0.1155838E+02  0.1432545E-01
 0.1157792E+02  0.1414252E-01
 0.1159746E+02  0.1396100E-01
 0.1161700E+02  0.1378094E-01
 0.1163654E+02  0.1360232E-01
 0.1165608E+02  0.1342520E-01
 0.1167562E+02  0.1324952E-01
 0.1169516E+02  0.1307535E-01
 0.1171470E+02  0.1290264E-01
 0.1173425E+02  0.1273146E-01
 0.1175379E+02  0.1256173E-01
 0.1177333E+02  0.1239355E-01
 0.1179287E+02  0.1222679E-01
 0.1181241E+02  0.1206162E-01
 0.1183195E+02  0.1189781E-01
 0.1185149E+02  0.1173564E-01
 0.1187103E+02  0.1157476E-01
 0.1189057E+02  0.1141557E-01
 0.1191011E+02  0.1125761E-01
 0.1192965E+02  0.1110138E-01
 0.1194919E+02  0.1094632E-01
 0.1196873E+02  0.1079305E-01
 0.1198828E+02  0.1064090E-01
 0.1200782E+02  0.1049056E-01
 0.1202736E+02  0.1034132E-01
 0.1204690E+02  0.1019389E-01
 0.1206644E+02  0.1004758E-01
 0.1208598E+02  0.9903060E-02
 0.1210552E+02  0.9759686E-02
 0.1212506E+02  0.9618056E-02
 0.1214460E+02  0.9477629E-02
 0.1216414E+02  0.9338874E-02
 0.1218368E+02  0.9201398E-02
 0.1220322E+02  0.9065505E-02
 0.1222277E+02  0.8930976E-02
 0.1224231E+02  0.8797924E-02
 0.1226185E+02  0.8666331E-02
 0.1228139E+02  0.8536112E-02
 0.1230093E+02  0.8407441E-02
 0.1232047E+02  0.8280040E-02
 0.1234001E+02  0.8154267E-02
 0.1235955E+02  0.8029677E-02
 0.1237909E+02  0.7906771E-02
 0.1239863E+02  0.7784982E-02
 0.1241817E+02  0.7664903E-02
 0.1243771E+02  0.7545895E-02
 0.1245725E+02  0.7428602E-02
 0.1247680E+02  0.7312356E-02
 0.1249634E+02  0.7197803E-02
 0.1251588E+02  0.7084296E-02
 0.1253542E+02  0.6972435E-02
 0.1255496E+02  0.6861636E-02
 0.1257450E+02  0.6752413E-02
 0.1259404E+02  0.6644285E-02
 0.1261358E+02  0.6537647E-02
 0.1263312E+02  0.6432143E-02
 0.1265266E+02  0.6328045E-02
 0.1267220E+02  0.6225129E-02
 0.1269174E+02  0.6123541E-02
 0.1271128E+02  0.6023178E-02
 0.1273083E+02  0.5924076E-02
 0.1275037E+02  0.5826241E-02
 0.1276991E+02  0.5729618E-02
 0.1278945E+02  0.5634296E-02
 0.1280899E+02  0.5540149E-02
 0.1282853E+02  0.5447316E-02
 0.1284807E+02  0.5355642E-02
 0.1286761E+02  0.5265283E-02
 0.1288715E+02  0.5176078E-02
 0.1290669E+02  0.5088174E-02
 0.1292623E+02  0.5001415E-02
 0.1294577E+02  0.4915932E-02
 0.1296532E+02  0.4831583E-02
 0.1298486E+02  0.4748479E-02
 0.1300440E+02  0.4666489E-02
 0.1302394E+02  0.4585709E-02
 0.1304348E+02  0.4506020E-02
 0.1306302E+02  0.4427514E-02
 0.1308256E+02  0.4350063E-02
 0.1310210E+02  0.4273769E-02
 0.1312164E+02  0.4198488E-02
 0.1314118E+02  0.4124349E-02
 0.1316072E+02  0.4051173E-02
 0.1318026E+02  0.3979130E-02
 0.1319980E+02  0.3907999E-02
 0.1321935E+02  0.3837996E-02
 0.1323889E+02  0.3768863E-02
 0.1325843E+02  0.3700854E-02
 0.1327797E+02  0.3633682E-02
 0.1329751E+02  0.3567632E-02
 0.1331705E+02  0.3502393E-02
 0.1333659E+02  0.3438268E-02
 0.1335613E+02  0.3374946E-02
 0.1337567E+02  0.3312721E-02
 0.1339521E+02  0.3251306E-02
 0.1341475E+02  0.3190955E-02
 0.1343429E+02  0.3131431E-02
 0.1345383E+02  0.3072929E-02
 0.1347338E+02  0.3015287E-02
 0.1349292E+02  0.2958611E-02
 0.1351246E+02  0.2902829E-02
 0.1353200E+02  0.2847948E-02
 0.1355154E+02  0.2793997E-02
 0.1357108E+02  0.2740870E-02
 0.1359062E+02  0.2688702E-02
 0.1361016E+02  0.2637283E-02
 0.1362970E+02  0.2586844E-02
 0.1364924E+02  0.2537083E-02
 0.1366878E+02  0.2488311E-02
 0.1368832E+02  0.2440159E-02
 0.1370787E+02  0.2392984E-02
 0.1372741E+02  0.2346382E-02
 0.1374695E+02  0.2300732E-02
 0.1376649E+02  0.2255626E-02
 0.1378603E+02  0.2211433E-02
 0.1380557E+02  0.2167773E-02
 0.1382511E+02  0.2124976E-02
 0.1384465E+02  0.2082724E-02
 0.1386419E+02  0.2041280E-02
 0.1388373E+02  0.2000408E-02
 0.1390327E+02  0.1960288E-02
 0.1392281E+02  0.1920776E-02
 0.1394235E+02  0.1881963E-02
 0.1396190E+02  0.1843798E-02
 0.1398144E+02  0.1806282E-02
 0.1400098E+02  0.1769446E-02
 0.1402052E+02  0.1733219E-02
 0.1404006E+02  0.1697701E-02
 0.1405960E+02  0.1662756E-02
 0.1407914E+02  0.1628534E-02
 0.1409868E+02  0.1594857E-02
 0.1411822E+02  0.1561902E-02
 0.1413776E+02  0.1529469E-02
 0.1415730E+02  0.1497742E-02
 0.1417684E+02  0.1466520E-02
 0.1419638E+02  0.1435975E-02
 0.1421593E+02  0.1405916E-02
 0.1423547E+02  0.1376498E-02
 0.1425501E+02  0.1347553E-02
 0.1427455E+02  0.1319208E-02
 0.1429409E+02  0.1291322E-02
 0.1431363E+02  0.1263993E-02
 0.1433317E+02  0.1237108E-02
 0.1435271E+02  0.1210744E-02
 0.1437225E+02  0.1184809E-02
 0.1439179E+02  0.1159364E-02
 0.1441133E+02  0.1134334E-02
 0.1443087E+02  0.1109776E-02
 0.1445042E+02  0.1085625E-02
 0.1446996E+02  0.1061937E-02
 0.1448950E+02  0.1038651E-02
 0.1450904E+02  0.1015825E-02
 0.1452858E+02  0.9933990E-03
 0.1454812E+02  0.9714334E-03
 0.1456766E+02  0.9498679E-03
 0.1458720E+02  0.9287618E-03
 0.1460674E+02  0.9080578E-03
 0.1462628E+02  0.8878071E-03
 0.1464582E+02  0.8679635E-03
 0.1466536E+02  0.8485565E-03
 0.1468490E+02  0.8295575E-03
 0.1470445E+02  0.8109670E-03
 0.1472399E+02  0.7927815E-03
 0.1474353E+02  0.7749670E-03
 0.1476307E+02  0.7575534E-03
 0.1478261E+02  0.7404659E-03
 0.1480215E+02  0.7237741E-03
 0.1482169E+02  0.7073616E-03
 0.1484123E+02  0.6913389E-03
 0.1486077E+02  0.6755547E-03
 0.1488031E+02  0.6601526E-03
 0.1489985E+02  0.6449582E-03
 0.1491939E+02  0.6301377E-03
 0.1493894E+02  0.6155055E-03
 0.1495848E+02  0.6012384E-03
 0.1497802E+02  0.5871563E-03
 0.1499756E+02  0.5734284E-03
 0.1501710E+02  0.5598972E-03
 0.1503664E+02  0.5467067E-03
 0.1505618E+02  0.5337343E-03
 0.1507572E+02  0.5210828E-03
 0.1509526E+02  0.5086757E-03
 0.1511480E+02  0.4965656E-03
 0.1513434E+02  0.4847252E-03
 0.1515388E+02  0.4731529E-03
 0.1517342E+02  0.4618696E-03
 0.1519297E+02  0.4508215E-03
 0.1521251E+02  0.4400747E-03
 0.1523205E+02  0.4295298E-03
 0.1525159E+02  0.4192887E-03
 0.1527113E+02  0.4092171E-03
 0.1529067E+02  0.3994413E-03
 0.1531021E+02  0.3898077E-03
 0.1532975E+02  0.3804548E-03
 0.1534929E+02  0.3712259E-03
 0.1536883E+02  0.3622582E-03
 0.1538837E+02  0.3534056E-03
 0.1540791E+02  0.3447926E-03
 0.1542745E+02  0.3362966E-03
 0.1544700E+02  0.3280188E-03
 0.1546654E+02  0.3198676E-03
 0.1548608E+02  0.3119164E-03
 0.1550562E+02  0.3041076E-03
 0.1552516E+02  0.2964835E-03
 0.1554470E+02  0.2890185E-03
 0.1556424E+02  0.2817253E-03
 0.1558378E+02  0.2746056E-03
 0.1560332E+02  0.2676472E-03
 0.1562286E+02  0.2608725E-03
 0.1564240E+02  0.2542503E-03
 0.1566194E+02  0.2478141E-03
 0.1568149E+02  0.2415213E-03
 0.1570103E+02  0.2354095E-03
 0.1572057E+02  0.2294323E-03
 0.1574011E+02  0.2236247E-03
 0.1575965E+02  0.2179414E-03
 0.1577919E+02  0.2124134E-03
 0.1579873E+02  0.2069997E-03
 0.1581827E+02  0.2017278E-03
 0.1583781E+02  0.1965602E-03
 0.1585735E+02  0.1915218E-03
 0.1587689E+02  0.1865796E-03
 0.1589643E+02  0.1817583E-03
 0.1591597E+02  0.1770257E-03
 0.1593552E+02  0.1724102E-03
 0.1595506E+02  0.1678779E-03
 0.1597460E+02  0.1634640E-03
 0.1599414E+02  0.1591298E-03
 0.1601368E+02  0.1549167E-03
 0.1603322E+02  0.1507820E-03
 0.1605276E+02  0.1467703E-03
 0.1607230E+02  0.1428348E-03
 0.1609184E+02  0.1390226E-03
 0.1611138E+02  0.1352864E-03
 0.1613092E+02  0.1316697E-03
 0.1615046E+02  0.1281287E-03
 0.1617000E+02  0.1246994E-03
 0.1618955E+02  0.1213473E-03
 0.1620909E+02  0.1180952E-03
 0.1622863E+02  0.1149220E-03
 0.1624817E+02  0.1118329E-03
 0.1626771E+02  0.1088257E-03
 0.1628725E+02  0.1058857E-03
 0.1630679E+02  0.1030315E-03
 0.1632633E+02  0.1002281E-03
 0.1634587E+02  0.9751389E-04
 0.1636541E+02  0.9483646E-04
 0.1638495E+02  0.9225159E-04
 0.1640449E+02  0.8969360E-04
 0.1642404E+02  0.8723050E-04
 0.1644358E+02  0.8478886E-04
 0.1646312E+02  0.8244140E-04
 0.1648266E+02  0.8011539E-04
 0.1650220E+02  0.7788024E-04
 0.1652174E+02  0.7567067E-04
 0.1654128E+02  0.7354479E-04
 0.1656082E+02  0.7145215E-04
 0.1658036E+02  0.6943334E-04
 0.1659990E+02  0.6745702E-04
 0.1661944E+02  0.6554337E-04
 0.1663898E+02  0.6368096E-04
 0.1665852E+02  0.6186874E-04
 0.1667807E+02  0.6011618E-04
 0.1669761E+02  0.5840212E-04
 0.1671715E+02  0.5675349E-04
 0.1673669E+02  0.5513264E-04
 0.1675623E+02  0.5357989E-04
 0.1677577E+02  0.5204768E-04
 0.1679531E+02  0.5058340E-04
 0.1681485E+02  0.4913520E-04
 0.1683439E+02  0.4775110E-04
 0.1685393E+02  0.4638132E-04
 0.1687347E+02  0.4506954E-04
 0.1689301E+02  0.4377295E-04
 0.1691255E+02  0.4252676E-04
 0.1693210E+02  0.4129819E-04
 0.1695164E+02  0.4011194E-04
 0.1697118E+02  0.3894700E-04
 0.1699072E+02  0.3781711E-04
 0.1701026E+02  0.3671240E-04
 0.1702980E+02  0.3563626E-04
 0.1704934E+02  0.3458845E-04
 0.1706888E+02  0.3356466E-04
 0.1708842E+02  0.3257144E-04
 0.1710796E+02  0.3159954E-04
 0.1712750E+02  0.3065910E-04
 0.1714704E+02  0.2973876E-04
 0.1716659E+02  0.2884996E-04
 0.1718613E+02  0.2798112E-04
 0.1720567E+02  0.2714302E-04
 0.1722521E+02  0.2632498E-04
 0.1724475E+02  0.2553636E-04
 0.1726429E+02  0.2476784E-04
 0.1728383E+02  0.2402696E-04
 0.1730337E+02  0.2330523E-04
 0.1732291E+02  0.2260906E-04
 0.1734245E+02  0.2192988E-04
 0.1736199E+02  0.2127467E-04
 0.1738153E+02  0.2063351E-04
 0.1740107E+02  0.2001527E-04
 0.1742062E+02  0.1940761E-04
 0.1744016E+02  0.1882220E-04
 0.1745970E+02  0.1824440E-04
 0.1747924E+02  0.1768854E-04
 0.1749878E+02  0.1713831E-04
 0.1751832E+02  0.1660974E-04
 0.1753786E+02  0.1608626E-04
 0.1755740E+02  0.1558412E-04
 0.1757694E+02  0.1508817E-04
 0.1759648E+02  0.1461260E-04
 0.1761602E+02  0.1414551E-04
 0.1763556E+02  0.1369663E-04
 0.1765511E+02  0.1325981E-04
 0.1767465E+02  0.1283830E-04
 0.1769419E+02  0.1243269E-04
 0.1771373E+02  0.1203870E-04
 0.1773327E+02  0.1166421E-04
 0.1775281E+02  0.1129716E-04
 0.1777235E+02  0.1095223E-04
 0.1779189E+02  0.1061061E-04
 0.1781143E+02  0.1029211E-04
 0.1783097E+02  0.9973307E-05
 0.1785051E+02  0.9677382E-05
 0.1787005E+02  0.9378648E-05
 0.1788959E+02  0.9100778E-05
 0.1790914E+02  0.8818926E-05
 0.1792868E+02  0.8554607E-05
 0.1794822E+02  0.8287043E-05
 0.1796776E+02  0.8033007E-05
 0.1798730E+02  0.7778107E-05
 0.1800684E+02  0.7532624E-05
 0.1802638E+02  0.7289748E-05
 0.1804592E+02  0.7052535E-05
 0.1806546E+02  0.6822006E-05
 0.1808500E+02  0.6594064E-05
 0.1810454E+02  0.6376610E-05
 0.1812408E+02  0.6159333E-05
 0.1814362E+02  0.5955606E-05
 0.1816317E+02  0.5750669E-05
 0.1818271E+02  0.5561191E-05
 0.1820225E+02  0.5369853E-05
 0.1822179E+02  0.5194027E-05
 0.1824133E+02  0.5016533E-05
 0.1826087E+02  0.4853152E-05
 0.1828041E+02  0.4688645E-05
 0.1829995E+02  0.4535816E-05
 0.1831949E+02  0.4382754E-05
 0.1833903E+02  0.4238356E-05
 0.1835857E+02  0.4094952E-05
 0.1837811E+02  0.3957390E-05
 0.1839766E+02  0.3822255E-05
 0.1841720E+02  0.3690470E-05
 0.1843674E+02  0.3562562E-05
 0.1845628E+02  0.3436581E-05
 0.1847582E+02  0.3315706E-05
 0.1849536E+02  0.3196066E-05
 0.1851490E+02  0.3082475E-05
 0.1853444E+02  0.2970282E-05
 0.1855398E+02  0.2864699E-05
 0.1857352E+02  0.2761015E-05
 0.1859306E+02  0.2663952E-05
 0.1861260E+02  0.2569248E-05
 0.1863214E+02  0.2480824E-05
 0.1865169E+02  0.2394956E-05
 0.1867123E+02  0.2314768E-05
 0.1869077E+02  0.2236903E-05
 0.1871031E+02  0.2163887E-05
 0.1872985E+02  0.2092614E-05
 0.1874939E+02  0.2025517E-05
 0.1876893E+02  0.1959407E-05
 0.1878847E+02  0.1897062E-05
 0.1880801E+02  0.1834894E-05
 0.1882755E+02  0.1776325E-05
 0.1884709E+02  0.1717338E-05
 0.1886663E+02  0.1661866E-05
 0.1888617E+02  0.1605682E-05
 0.1890572E+02  0.1552874E-05
 0.1892526E+02  0.1499482E-05
 0.1894480E+02  0.1449140E-05
 0.1896434E+02  0.1398844E-05
 0.1898388E+02  0.1350978E-05
 0.1900342E+02  0.1303999E-05
 0.1902296E+02  0.1258598E-05
 0.1904250E+02  0.1215164E-05
 0.1906204E+02  0.1172206E-05
 0.1908158E+02  0.1132222E-05
 0.1910112E+02  0.1091559E-05
 0.1912066E+02  0.1054781E-05
 0.1914021E+02  0.1016306E-05
 0.1915975E+02  0.9822600E-06
 0.1917929E+02  0.9458297E-06
 0.1919883E+02  0.9139646E-06
 0.1921837E+02  0.8795286E-06
 0.1923791E+02  0.8494259E-06
 0.1925745E+02  0.8171058E-06
 0.1927699E+02  0.7884882E-06
 0.1929653E+02  0.7584381E-06
 0.1931607E+02  0.7311564E-06
 0.1933561E+02  0.7035510E-06
 0.1935515E+02  0.6775828E-06
 0.1937469E+02  0.6524633E-06
 0.1939424E+02  0.6277314E-06
 0.1941378E+02  0.6049587E-06
 0.1943332E+02  0.5814676E-06
 0.1945286E+02  0.5607728E-06
 0.1947240E+02  0.5384895E-06
 0.1949194E+02  0.5194783E-06
 0.1951148E+02  0.4983927E-06
 0.1953102E+02  0.4806926E-06
 0.1955056E+02  0.4608649E-06
 0.1957010E+02  0.4441782E-06
 0.1958964E+02  0.4256597E-06
 0.1960918E+02  0.4098326E-06
 0.1962872E+02  0.3928805E-06
 0.1964827E+02  0.3779974E-06
 0.1966781E+02  0.3627968E-06
 0.1968735E+02  0.3489548E-06
 0.1970689E+02  0.3356467E-06
 0.1972643E+02  0.3229863E-06
 0.1974597E+02  0.3115806E-06
 0.1976551E+02  0.3002298E-06
 0.1978505E+02  0.2905586E-06
 0.1980459E+02  0.2804633E-06
 0.1982413E+02  0.2721830E-06
 0.1984367E+02  0.2631207E-06
 0.1986321E+02  0.2556958E-06
 0.1988276E+02  0.2472705E-06
 0.1990230E+02  0.2401348E-06
 0.1992184E+02  0.2319484E-06
 0.1994138E+02  0.2246583E-06
 0.1996092E+02  0.2164314E-06
 0.1998046E+02  0.2087366E-06
 0.2000000E+02  0.2003292E-06
