-0.8000000E+01  0.3200000E+02  0.0000000E+00
-0.7984360E+01  0.3187500E+02  0.0000000E+00
-0.7968719E+01  0.3175024E+02  0.0000000E+00
-0.7953079E+01  0.3162573E+02  0.0000000E+00
-0.7937439E+01  0.3150147E+02  0.0000000E+00
-0.7921799E+01  0.3137745E+02  0.0000000E+00
-0.7906158E+01  0.3125367E+02  0.0000000E+00
-0.7890518E+01  0.3113014E+02  0.0000000E+00
-0.7874878E+01  0.3100685E+02  0.0000000E+00
-0.7859238E+01  0.3088381E+02  0.0000000E+00
-0.7843597E+01  0.3076101E+02  0.0000000E+00
-0.7827957E+01  0.3063846E+02  0.0000000E+00
-0.7812317E+01  0.3051615E+02  0.0000000E+00
-0.7796676E+01  0.3039408E+02  0.0000000E+00
-0.7781036E+01  0.3027226E+02  0.0000000E+00
-0.7765396E+01  0.3015069E+02  0.0000000E+00
-0.7749756E+01  0.3002936E+02  0.0000000E+00
-0.7734115E+01  0.2990827E+02  0.0000000E+00
-0.7718475E+01  0.2978743E+02  0.0000000E+00
-0.7702835E+01  0.2966683E+02  0.0000000E+00
-0.7687195E+01  0.2954648E+02  0.0000000E+00
-0.7671554E+01  0.2942637E+02  0.0000000E+00
-0.7655914E+01  0.2930651E+02  0.0000000E+00
-0.7640274E+01  0.2918689E+02  0.0000000E+00
-0.7624633E+01  0.2906752E+02  0.0000000E+00
-0.7608993E+01  0.2894839E+02  0.0000000E+00
-0.7593353E+01  0.2882950E+02  0.0000000E+00
-0.7577713E+01  0.2871086E+02  0.0000000E+00
-0.7562072E+01  0.2859247E+02  0.0000000E+00
-0.7546432E+01  0.2847432E+02  0.0000000E+00
-0.7530792E+01  0.2835641E+02  0.0000000E+00
-0.7515152E+01  0.2823875E+02  0.0000000E+00
-0.7499511E+01  0.2812133E+02  0.0000000E+00
-0.7483871E+01  0.2800416E+02  0.0000000E+00
-0.7468231E+01  0.2788723E+02  0.0000000E+00
-0.7452590E+01  0.2777055E+02  0.0000000E+00
-0.7436950E+01  0.2765411E+02  0.0000000E+00
-0.7421310E+01  0.2753792E+02  0.0000000E+00
-0.7405670E+01  0.2742197E+02  0.0000000E+00
-0.7390029E+01  0.2730627E+02  0.0000000E+00
-0.7374389E+01  0.2719081E+02  0.0000000E+00
-0.7358749E+01  0.2707559E+02  0.0000000E+00
-0.7343109E+01  0.2696062E+02  0.0000000E+00
-0.7327468E+01  0.2684590E+02  0.0000000E+00
-0.7311828E+01  0.2673141E+02  0.0000000E+00
-0.7296188E+01  0.2661718E+02  0.0000000E+00
-0.7280547E+01  0.2650319E+02  0.0000000E+00
-0.7264907E+01  0.2638944E+02  0.0000000E+00
-0.7249267E+01  0.2627594E+02  0.0000000E+00
-0.7233627E+01  0.2616268E+02  0.0000000E+00
-0.7217986E+01  0.2604966E+02  0.0000000E+00
-0.7202346E+01  0.2593689E+02  0.0000000E+00
-0.7186706E+01  0.2582437E+02  0.0000000E+00
-0.7171065E+01  0.2571209E+02  0.0000000E+00
-0.7155425E+01  0.2560006E+02  0.0000000E+00
-0.7139785E+01  0.2548826E+02  0.0000000E+00
-0.7124145E+01  0.2537672E+02  0.0000000E+00
-0.7108504E+01  0.2526542E+02  0.0000000E+00
-0.7092864E+01  0.2515436E+02  0.0000000E+00
-0.7077224E+01  0.2504355E+02  0.0000000E+00
-0.7061584E+01  0.2493298E+02  0.0000000E+00
-0.7045943E+01  0.2482266E+02  0.0000000E+00
-0.7030303E+01  0.2471258E+02  0.0000000E+00
-0.7014663E+01  0.2460275E+02  0.0000000E+00
-0.6999022E+01  0.2449316E+02  0.0000000E+00
-0.6983382E+01  0.2438381E+02  0.0000000E+00
-0.6967742E+01  0.2427471E+02  0.0000000E+00
-0.6952102E+01  0.2416586E+02  0.0000000E+00
-0.6936461E+01  0.2405725E+02  0.0000000E+00
-0.6920821E+01  0.2394888E+02  0.0000000E+00
-0.6905181E+01  0.2384076E+02  0.0000000E+00
-0.6889541E+01  0.2373288E+02  0.0000000E+00
-0.6873900E+01  0.2362525E+02  0.0000000E+00
-0.6858260E+01  0.2351787E+02  0.0000000E+00
-0.6842620E+01  0.2341072E+02  0.0000000E+00
-0.6826979E+01  0.2330382E+02  0.0000000E+00
-0.6811339E+01  0.2319717E+02  0.0000000E+00
-0.6795699E+01  0.2309076E+02  0.0000000E+00
-0.6780059E+01  0.2298460E+02  0.0000000E+00
-0.6764418E+01  0.2287868E+02  0.0000000E+00
-0.6748778E+01  0.2277300E+02  0.0000000E+00
-0.6733138E+01  0.2266757E+02  0.0000000E+00
-0.6717498E+01  0.2256239E+02  0.0000000E+00
-0.6701857E+01  0.2245745E+02  0.0000000E+00
-0.6686217E+01  0.2235275E+02  0.0000000E+00
-0.6670577E+01  0.2224830E+02  0.0000000E+00
-0.6654936E+01  0.2214409E+02  0.0000000E+00
-0.6639296E+01  0.2204013E+02  0.0000000E+00
-0.6623656E+01  0.2193641E+02  0.0000000E+00
-0.6608016E+01  0.2183294E+02  0.0000000E+00
-0.6592375E+01  0.2172971E+02  0.0000000E+00
-0.6576735E+01  0.2162672E+02  0.0000000E+00
-0.6561095E+01  0.2152398E+02  0.0000000E+00
-0.6545455E+01  0.2142149E+02  0.0000000E+00
-0.6529814E+01  0.2131924E+02  0.0000000E+00
-0.6514174E+01  0.2121723E+02  0.0000000E+00
-0.6498534E+01  0.2111547E+02  0.0000000E+00
-0.6482893E+01  0.2101395E+02  0.0000000E+00
-0.6467253E+01  0.2091268E+02  0.0000000E+00
-0.6451613E+01  0.2081165E+02  0.0000000E+00
-0.6435973E+01  0.2071087E+02  0.0000000E+00
-0.6420332E+01  0.2061033E+02  0.0000000E+00
-0.6404692E+01  0.2051004E+02  0.0000000E+00
-0.6389052E+01  0.2040999E+02  0.0000000E+00
-0.6373412E+01  0.2031019E+02  0.0000000E+00
-0.6357771E+01  0.2021063E+02  0.0000000E+00
-0.6342131E+01  0.2011131E+02  0.0000000E+00
-0.6326491E+01  0.2001224E+02  0.0000000E+00
-0.6310850E+01  0.1991342E+02  0.0000000E+00
-0.6295210E+01  0.1981484E+02  0.0000000E+00
-0.6279570E+01  0.1971650E+02  0.0000000E+00
-0.6263930E+01  0.1961841E+02  0.0000000E+00
-0.6248289E+01  0.1952056E+02  0.0000000E+00
-0.6232649E+01  0.1942296E+02  0.0000000E+00
-0.6217009E+01  0.1932560E+02  0.0000000E+00
-0.6201369E+01  0.1922849E+02  0.0000000E+00
-0.6185728E+01  0.1913162E+02  0.0000000E+00
-0.6170088E+01  0.1903499E+02  0.0000000E+00
-0.6154448E+01  0.1893861E+02  0.0000000E+00
-0.6138807E+01  0.1884248E+02  0.0000000E+00
-0.6123167E+01  0.1874659E+02  0.0000000E+00
-0.6107527E+01  0.1865094E+02  0.0000000E+00
-0.6091887E+01  0.1855554E+02  0.0000000E+00
-0.6076246E+01  0.1846038E+02  0.0000000E+00
-0.6060606E+01  0.1836547E+02  0.0000000E+00
-0.6044966E+01  0.1827081E+02  0.0000000E+00
-0.6029326E+01  0.1817638E+02  0.0000000E+00
-0.6013685E+01  0.1808221E+02  0.0000000E+00
-0.5998045E+01  0.1798827E+02  0.0000000E+00
-0.5982405E+01  0.1789458E+02  0.0000000E+00
-0.5966764E+01  0.1780114E+02  0.0000000E+00
-0.5951124E+01  0.1770794E+02  0.0000000E+00
-0.5935484E+01  0.1761498E+02  0.0000000E+00
-0.5919844E+01  0.1752227E+02  0.0000000E+00
-0.5904203E+01  0.1742981E+02  0.0000000E+00
-0.5888563E+01  0.1733759E+02  0.0000000E+00
-0.5872923E+01  0.1724561E+02  0.0000000E+00
-0.5857283E+01  0.1715388E+02  0.0000000E+00
-0.5841642E+01  0.1706239E+02  0.0000000E+00
-0.5826002E+01  0.1697115E+02  0.0000000E+00
-0.5810362E+01  0.1688015E+02  0.0000000E+00
-0.5794721E+01  0.1678940E+02  0.0000000E+00
-0.5779081E+01  0.1669889E+02  0.0000000E+00
-0.5763441E+01  0.1660863E+02  0.0000000E+00
-0.5747801E+01  0.1651861E+02  0.0000000E+00
-0.5732160E+01  0.1642883E+02  0.0000000E+00
-0.5716520E+01  0.1633930E+02  0.0000000E+00
-0.5700880E+01  0.1625002E+02  0.0000000E+00
-0.5685239E+01  0.1616097E+02  0.0000000E+00
-0.5669599E+01  0.1607218E+02  0.0000000E+00
-0.5653959E+01  0.1598363E+02  0.0000000E+00
-0.5638319E+01  0.1589532E+02  0.0000000E+00
-0.5622678E+01  0.1580726E+02  0.0000000E+00
-0.5607038E+01  0.1571944E+02  0.0000000E+00
-0.5591398E+01  0.1563186E+02  0.0000000E+00
-0.5575758E+01  0.1554454E+02  0.0000000E+00
-0.5560117E+01  0.1545745E+02  0.0000000E+00
-0.5544477E+01  0.1537061E+02  0.0000000E+00
-0.5528837E+01  0.1528402E+02  0.0000000E+00
-0.5513196E+01  0.1519767E+02  0.0000000E+00
-0.5497556E+01  0.1511156E+02  0.0000000E+00
-0.5481916E+01  0.1502570E+02  0.0000000E+00
-0.5466276E+01  0.1494008E+02  0.0000000E+00
-0.5450635E+01  0.1485471E+02  0.0000000E+00
-0.5434995E+01  0.1476959E+02  0.0000000E+00
-0.5419355E+01  0.1468470E+02  0.0000000E+00
-0.5403715E+01  0.1460007E+02  0.0000000E+00
-0.5388074E+01  0.1451567E+02  0.0000000E+00
-0.5372434E+01  0.1443152E+02  0.0000000E+00
-0.5356794E+01  0.1434762E+02  0.0000000E+00
-0.5341153E+01  0.1426396E+02  0.0000000E+00
-0.5325513E+01  0.1418055E+02  0.0000000E+00
-0.5309873E+01  0.1409738E+02  0.0000000E+00
-0.5294233E+01  0.1401445E+02  0.0000000E+00
-0.5278592E+01  0.1393177E+02  0.0000000E+00
-0.5262952E+01  0.1384933E+02  0.0000000E+00
-0.5247312E+01  0.1376714E+02  0.0000000E+00
-0.5231672E+01  0.1368519E+02  0.0000000E+00
-0.5216031E+01  0.1360349E+02  0.0000000E+00
-0.5200391E+01  0.1352203E+02  0.0000000E+00
-0.5184751E+01  0.1344082E+02  0.0000000E+00
-0.5169110E+01  0.1335985E+02  0.0000000E+00
-0.5153470E+01  0.1327913E+02  0.0000000E+00
-0.5137830E+01  0.1319865E+02  0.0000000E+00
-0.5122190E+01  0.1311841E+02  0.0000000E+00
-0.5106549E+01  0.1303842E+02  0.0000000E+00
-0.5090909E+01  0.1295868E+02  0.0000000E+00
-0.5075269E+01  0.1287918E+02  0.0000000E+00
-0.5059629E+01  0.1279992E+02  0.0000000E+00
-0.5043988E+01  0.1272091E+02  0.0000000E+00
-0.5028348E+01  0.1264214E+02  0.0000000E+00
-0.5012708E+01  0.1256362E+02  0.0000000E+00
-0.4997067E+01  0.1248534E+02  0.0000000E+00
-0.4981427E+01  0.1240731E+02  0.0000000E+00
-0.4965787E+01  0.1232952E+02  0.0000000E+00
-0.4950147E+01  0.1225198E+02  0.0000000E+00
-0.4934506E+01  0.1217468E+02  0.0000000E+00
-0.4918866E+01  0.1209762E+02  0.0000000E+00
-0.4903226E+01  0.1202081E+02  0.0000000E+00
-0.4887586E+01  0.1194425E+02  0.0000000E+00
-0.4871945E+01  0.1186793E+02  0.0000000E+00
-0.4856305E+01  0.1179185E+02  0.0000000E+00
-0.4840665E+01  0.1171602E+02  0.0000000E+00
-0.4825024E+01  0.1164043E+02  0.0000000E+00
-0.4809384E+01  0.1156509E+02  0.0000000E+00
-0.4793744E+01  0.1148999E+02  0.0000000E+00
-0.4778104E+01  0.1141514E+02  0.0000000E+00
-0.4762463E+01  0.1134053E+02  0.0000000E+00
-0.4746823E+01  0.1126616E+02  0.0000000E+00
-0.4731183E+01  0.1119205E+02  0.0000000E+00
-0.4715543E+01  0.1111817E+02  0.0000000E+00
-0.4699902E+01  0.1104454E+02  0.0000000E+00
-0.4684262E+01  0.1097116E+02  0.0000000E+00
-0.4668622E+01  0.1089801E+02  0.0000000E+00
-0.4652981E+01  0.1082512E+02  0.0000000E+00
-0.4637341E+01  0.1075247E+02  0.0000000E+00
-0.4621701E+01  0.1068006E+02  0.0000000E+00
-0.4606061E+01  0.1060790E+02  0.0000000E+00
-0.4590420E+01  0.1053598E+02  0.0000000E+00
-0.4574780E+01  0.1046431E+02  0.0000000E+00
-0.4559140E+01  0.1039288E+02  0.0000000E+00
-0.4543500E+01  0.1032169E+02  0.0000000E+00
-0.4527859E+01  0.1025075E+02  0.0000000E+00
-0.4512219E+01  0.1018006E+02  0.0000000E+00
-0.4496579E+01  0.1010961E+02  0.0000000E+00
-0.4480938E+01  0.1003940E+02  0.0000000E+00
-0.4465298E+01  0.9969444E+01  0.0000000E+00
-0.4449658E+01  0.9899728E+01  0.0000000E+00
-0.4434018E+01  0.9830256E+01  0.0000000E+00
-0.4418377E+01  0.9761029E+01  0.0000000E+00
-0.4402737E+01  0.9692047E+01  0.0000000E+00
-0.4387097E+01  0.9623309E+01  0.0000000E+00
-0.4371457E+01  0.9554816E+01  0.0000000E+00
-0.4355816E+01  0.9486568E+01  0.0000000E+00
-0.4340176E+01  0.9418564E+01  0.0000000E+00
-0.4324536E+01  0.9350804E+01  0.0000000E+00
-0.4308895E+01  0.9283290E+01  0.0000000E+00
-0.4293255E+01  0.9216020E+01  0.0000000E+00
-0.4277615E+01  0.9148994E+01  0.0000000E+00
-0.4261975E+01  0.9082214E+01  0.0000000E+00
-0.4246334E+01  0.9015678E+01  0.0000000E+00
-0.4230694E+01  0.8949386E+01  0.0000000E+00
-0.4215054E+01  0.8883339E+01  0.0000000E+00
-0.4199413E+01  0.8817537E+01  0.0000000E+00
-0.4183773E+01  0.8751979E+01  0.0000000E+00
-0.4168133E+01  0.8686666E+01  0.0000000E+00
-0.4152493E+01  0.8621598E+01  0.0000000E+00
-0.4136852E+01  0.8556774E+01  0.0000000E+00
-0.4121212E+01  0.8492195E+01  0.0000000E+00
-0.4105572E+01  0.8427860E+01  0.0000000E+00
-0.4089932E+01  0.8363770E+01  0.0000000E+00
-0.4074291E+01  0.8299925E+01  0.0000000E+00
-0.4058651E+01  0.8236324E+01  0.0000000E+00
-0.4043011E+01  0.8172968E+01  0.0000000E+00
-0.4027370E+01  0.8109856E+01  0.0000000E+00
-0.4011730E+01  0.8046990E+01  0.0000000E+00
-0.3996090E+01  0.7984367E+01  0.0000000E+00
-0.3980450E+01  0.7921990E+01  0.0000000E+00
-0.3964809E+01  0.7859857E+01  0.0000000E+00
-0.3949169E+01  0.7797968E+01  0.0000000E+00
-0.3933529E+01  0.7736325E+01  0.0000000E+00
-0.3917889E+01  0.7674925E+01  0.0000000E+00
-0.3902248E+01  0.7613771E+01  0.0000000E+00
-0.3886608E+01  0.7552861E+01  0.0000000E+00
-0.3870968E+01  0.7492196E+01  0.0000000E+00
-0.3855327E+01  0.7431775E+01  0.0000000E+00
-0.3839687E+01  0.7371599E+01  0.0000000E+00
-0.3824047E+01  0.7311667E+01  0.0000000E+00
-0.3808407E+01  0.7251981E+01  0.0000000E+00
-0.3792766E+01  0.7192538E+01  0.0000000E+00
-0.3777126E+01  0.7133341E+01  0.0000000E+00
-0.3761486E+01  0.7074388E+01  0.0000000E+00
-0.3745846E+01  0.7015679E+01  0.0000000E+00
-0.3730205E+01  0.6957216E+01  0.0000000E+00
-0.3714565E+01  0.6898997E+01  0.0000000E+00
-0.3698925E+01  0.6841022E+01  0.0000000E+00
-0.3683284E+01  0.6783292E+01  0.0000000E+00
-0.3667644E+01  0.6725807E+01  0.0000000E+00
-0.3652004E+01  0.6668566E+01  0.0000000E+00
-0.3636364E+01  0.6611570E+01  0.0000000E+00
-0.3620723E+01  0.6554819E+01  0.0000000E+00
-0.3605083E+01  0.6498312E+01  0.0000000E+00
-0.3589443E+01  0.6442050E+01  0.0000000E+00
-0.3573803E+01  0.6386032E+01  0.0000000E+00
-0.3558162E+01  0.6330259E+01  0.0000000E+00
-0.3542522E+01  0.6274731E+01  0.0000000E+00
-0.3526882E+01  0.6219447E+01  0.0000000E+00
-0.3511241E+01  0.6164408E+01  0.0000000E+00
-0.3495601E+01  0.6109614E+01  0.0000000E+00
-0.3479961E+01  0.6055064E+01  0.0000000E+00
-0.3464321E+01  0.6000759E+01  0.0000000E+00
-0.3448680E+01  0.5946698E+01  0.0000000E+00
-0.3433040E+01  0.5892882E+01  0.0000000E+00
-0.3417400E+01  0.5839311E+01  0.0000000E+00
-0.3401760E+01  0.5785984E+01  0.0000000E+00
-0.3386119E+01  0.5732902E+01  0.0000000E+00
-0.3370479E+01  0.5680064E+01  0.0000000E+00
-0.3354839E+01  0.5627471E+01  0.0000000E+00
-0.3339198E+01  0.5575123E+01  0.0000000E+00
-0.3323558E+01  0.5523019E+01  0.0000000E+00
-0.3307918E+01  0.5471160E+01  0.0000000E+00
-0.3292278E+01  0.5419546E+01  0.0000000E+00
-0.3276637E+01  0.5368176E+01  0.0000000E+00
-0.3260997E+01  0.5317051E+01  0.0000000E+00
-0.3245357E+01  0.5266170E+01  0.0000000E+00
-0.3229717E+01  0.5215534E+01  0.0000000E+00
-0.3214076E+01  0.5165143E+01  0.0000000E+00
-0.3198436E+01  0.5114996E+01  0.0000000E+00
-0.3182796E+01  0.5065094E+01  0.0000000E+00
-0.3167155E+01  0.5015437E+01  0.0000000E+00
-0.3151515E+01  0.4966024E+01  0.0000000E+00
-0.3135875E+01  0.4916856E+01  0.0000000E+00
-0.3120235E+01  0.4867932E+01  0.0000000E+00
-0.3104594E+01  0.4819253E+01  0.0000000E+00
-0.3088954E+01  0.4770819E+01  0.0000000E+00
-0.3073314E+01  0.4722629E+01  0.0000000E+00
-0.3057674E+01  0.4674684E+01  0.0000000E+00
-0.3042033E+01  0.4626983E+01  0.0000000E+00
-0.3026393E+01  0.4579527E+01  0.0000000E+00
-0.3010753E+01  0.4532316E+01  0.0000000E+00
-0.2995112E+01  0.4485349E+01  0.0000000E+00
-0.2979472E+01  0.4438627E+01  0.0000000E+00
-0.2963832E+01  0.4392150E+01  0.0000000E+00
-0.2948192E+01  0.4345917E+01  0.0000000E+00
-0.2932551E+01  0.4299929E+01  0.0000000E+00
-0.2916911E+01  0.4254185E+01  0.0000000E+00
-0.2901271E+01  0.4208686E+01  0.0000000E+00
-0.2885630E+01  0.4163432E+01  0.0000000E+00
-0.2869990E+01  0.4118422E+01  0.0000000E+00
-0.2854350E+01  0.4073657E+01  0.0000000E+00
-0.2838710E+01  0.4029136E+01  0.0000000E+00
-0.2823069E+01  0.3984860E+01  0.0000000E+00
-0.2807429E+01  0.3940829E+01  0.0000000E+00
-0.2791789E+01  0.3897043E+01  0.0000000E+00
-0.2776149E+01  0.3853500E+01  0.0000000E+00
-0.2760508E+01  0.3810203E+01  0.0000000E+00
-0.2744868E+01  0.3767150E+01  0.0000000E+00
-0.2729228E+01  0.3724342E+01  0.0000000E+00
-0.2713587E+01  0.3681779E+01  0.0000000E+00
-0.2697947E+01  0.3639460E+01  0.0000000E+00
-0.2682307E+01  0.3597385E+01  0.0000000E+00
-0.2666667E+01  0.3555556E+01  0.0000000E+00
-0.2651026E+01  0.3513970E+01  0.0000000E+00
-0.2635386E+01  0.3472630E+01  0.0000000E+00
-0.2619746E+01  0.3431534E+01  0.0000000E+00
-0.2604106E+01  0.3390683E+01  0.0000000E+00
-0.2588465E+01  0.3350076E+01  0.0000000E+00
-0.2572825E+01  0.3309714E+01  0.0000000E+00
-0.2557185E+01  0.3269597E+01  0.0000000E+00
-0.2541544E+01  0.3229724E+01  0.0000000E+00
-0.2525904E+01  0.3190096E+01  0.0000000E+00
-0.2510264E+01  0.3150712E+01  0.0000000E+00
-0.2494624E+01  0.3111574E+01  0.0000000E+00
-0.2478983E+01  0.3072679E+01  0.0000000E+00
-0.2463343E+01  0.3034030E+01  0.0000000E+00
-0.2447703E+01  0.2995625E+01  0.0000000E+00
-0.2432063E+01  0.2957464E+01  0.0000000E+00
-0.2416422E+01  0.2919548E+01  0.0000000E+00
-0.2400782E+01  0.2881877E+01  0.0000000E+00
-0.2385142E+01  0.2844451E+01  0.0000000E+00
-0.2369501E+01  0.2807269E+01  0.0000000E+00
-0.2353861E+01  0.2770331E+01  0.0000000E+00
-0.2338221E+01  0.2733639E+01  0.0000000E+00
-0.2322581E+01  0.2697190E+01  0.0000000E+00
-0.2306940E+01  0.2660987E+01  0.0000000E+00
-0.2291300E+01  0.2625028E+01  0.0000000E+00
-0.2275660E+01  0.2589314E+01  0.0000000E+00
-0.2260020E+01  0.2553844E+01  0.0000000E+00
-0.2244379E+01  0.2518619E+01  0.0000000E+00
-0.2228739E+01  0.2483639E+01  0.0000000E+00
-0.2213099E+01  0.2448903E+01  0.0000000E+00
-0.2197458E+01  0.2414412E+01  0.0000000E+00
-0.2181818E+01  0.2380165E+01  0.0000000E+00
-0.2166178E+01  0.2346163E+01  0.0000000E+00
-0.2150538E+01  0.2312406E+01  0.0000000E+00
-0.2134897E+01  0.2278893E+01  0.0000000E+00
-0.2119257E+01  0.2245625E+01  0.0000000E+00
-0.2103617E+01  0.2212602E+01  0.0000000E+00
-0.2087977E+01  0.2179823E+01  0.0000000E+00
-0.2072336E+01  0.2147289E+01  0.0000000E+00
-0.2056696E+01  0.2114999E+01  0.0000000E+00
-0.2041056E+01  0.2082954E+01  0.0000000E+00
-0.2025415E+01  0.2051154E+01  0.0000000E+00
-0.2009775E+01  0.2019598E+01  0.0000000E+00
-0.1994135E+01  0.1988287E+01  0.0000000E+00
-0.1978495E+01  0.1957220E+01  0.0000000E+00
-0.1962854E+01  0.1926399E+01  0.0000000E+00
-0.1947214E+01  0.1895821E+01  0.0000000E+00
-0.1931574E+01  0.1865489E+01  0.0000000E+00
-0.1915934E+01  0.1835401E+01  0.0000000E+00
-0.1900293E+01  0.1805557E+01  0.0000000E+00
-0.1884653E+01  0.1775958E+01  0.0000000E+00
-0.1869013E+01  0.1746604E+01  0.0000000E+00
-0.1853372E+01  0.1717495E+01  0.0000000E+00
-0.1837732E+01  0.1688630E+01  0.0000000E+00
-0.1822092E+01  0.1660009E+01  0.0000000E+00
-0.1806452E+01  0.1631634E+01  0.0000000E+00
-0.1790811E+01  0.1603503E+01  0.0000000E+00
-0.1775171E+01  0.1575616E+01  0.0000000E+00
-0.1759531E+01  0.1547974E+01  0.0000000E+00
-0.1743891E+01  0.1520577E+01  0.0000000E+00
-0.1728250E+01  0.1493424E+01  0.0000000E+00
-0.1712610E+01  0.1466516E+01  0.0000000E+00
-0.1696970E+01  0.1439853E+01  0.0000000E+00
-0.1681329E+01  0.1413434E+01  0.0000000E+00
-0.1665689E+01  0.1387260E+01  0.0000000E+00
-0.1650049E+01  0.1361331E+01  0.0000000E+00
-0.1634409E+01  0.1335646E+01  0.0000000E+00
-0.1618768E+01  0.1310205E+01  0.0000000E+00
-0.1603128E+01  0.1285010E+01  0.0000000E+00
-0.1587488E+01  0.1260059E+01  0.0000000E+00
-0.1571848E+01  0.1235352E+01  0.0000000E+00
-0.1556207E+01  0.1210890E+01  0.0000000E+00
-0.1540567E+01  0.1186673E+01  0.0000000E+00
-0.1524927E+01  0.1162701E+01  0.0000000E+00
-0.1509286E+01  0.1138973E+01  0.0000000E+00
-0.1493646E+01  0.1115489E+01  0.0000000E+00
-0.1478006E+01  0.1092251E+01  0.0000000E+00
-0.1462366E+01  0.1069257E+01  0.0000000E+00
-0.1446725E+01  0.1046507E+01  0.0000000E+00
-0.1431085E+01  0.1024002E+01  0.0000000E+00
-0.1415445E+01  0.1001742E+01  0.0000000E+00
-0.1399804E+01  0.9797263E+00  0.0000000E+00
-0.1384164E+01  0.9579553E+00  0.0000000E+00
-0.1368524E+01  0.9364289E+00  0.0000000E+00
-0.1352884E+01  0.9151471E+00  0.0000000E+00
-0.1337243E+01  0.8941100E+00  0.0000000E+00
-0.1321603E+01  0.8733174E+00  0.0000000E+00
-0.1305963E+01  0.8527695E+00  0.0000000E+00
-0.1290323E+01  0.8324662E+00  0.0000000E+00
-0.1274682E+01  0.8124075E+00  0.0000000E+00
-0.1259042E+01  0.7925934E+00  0.0000000E+00
-0.1243402E+01  0.7730240E+00  0.0000000E+00
-0.1227761E+01  0.7536991E+00  0.0000000E+00
-0.1212121E+01  0.7346189E+00  0.0000000E+00
-0.1196481E+01  0.7157833E+00  0.0000000E+00
-0.1180841E+01  0.6971923E+00  0.0000000E+00
-0.1165200E+01  0.6788460E+00  0.0000000E+00
-0.1149560E+01  0.6607442E+00  0.0000000E+00
-0.1133920E+01  0.6428871E+00  0.0000000E+00
-0.1118280E+01  0.6252746E+00  0.0000000E+00
-0.1102639E+01  0.6079067E+00  0.0000000E+00
-0.1086999E+01  0.5907834E+00  0.0000000E+00
-0.1071359E+01  0.5739048E+00  0.0000000E+00
-0.1055718E+01  0.5572707E+00  0.0000000E+00
-0.1040078E+01  0.5408813E+00  0.0000000E+00
-0.1024438E+01  0.5247365E+00  0.0000000E+00
-0.1008798E+01  0.5088364E+00  0.0000000E+00
-0.9931574E+00  0.4931808E+00  0.0000000E+00
-0.9775171E+00  0.4777698E+00  0.0000000E+00
-0.9618768E+00  0.4626035E+00  0.0000000E+00
-0.9462366E+00  0.4476818E+00  0.0000000E+00
-0.9305963E+00  0.4330047E+00  0.0000000E+00
-0.9149560E+00  0.4185723E+00  0.0000000E+00
-0.8993157E+00  0.4043844E+00  0.0000000E+00
-0.8836755E+00  0.3904412E+00  0.0000000E+00
-0.8680352E+00  0.3767425E+00  0.0000000E+00
-0.8523949E+00  0.3632885E+00  0.0000000E+00
-0.8367546E+00  0.3500792E+00  0.0000000E+00
-0.8211144E+00  0.3371144E+00  0.0000000E+00
-0.8054741E+00  0.3243943E+00  0.0000000E+00
-0.7898338E+00  0.3119187E+00  0.0000000E+00
-0.7741935E+00  0.2996878E+00  0.0000000E+00
-0.7585533E+00  0.2877015E+00  0.0000000E+00
-0.7429130E+00  0.2759599E+00  0.0000000E+00
-0.7272727E+00  0.2644628E+00  0.0000000E+00
-0.7116325E+00  0.2532104E+00  0.0000000E+00
-0.6959922E+00  0.2422026E+00  0.0000000E+00
-0.6803519E+00  0.2314394E+00  0.0000000E+00
-0.6647116E+00  0.2209208E+00  0.0000000E+00
-0.6490714E+00  0.2106468E+00  0.0000000E+00
-0.6334311E+00  0.2006175E+00  0.0000000E+00
-0.6177908E+00  0.1908327E+00  0.0000000E+00
-0.6021505E+00  0.1812926E+00  0.0000000E+00
-0.5865103E+00  0.1719971E+00  0.0000000E+00
-0.5708700E+00  0.1629463E+00  0.0000000E+00
-0.5552297E+00  0.1541400E+00  0.0000000E+00
-0.5395894E+00  0.1455784E+00  0.0000000E+00
-0.5239492E+00  0.1372614E+00  0.0000000E+00
-0.5083089E+00  0.1291890E+00  0.0000000E+00
-0.4926686E+00  0.1213612E+00  0.0000000E+00
-0.4770283E+00  0.1137780E+00  0.0000000E+00
-0.4613881E+00  0.1064395E+00  0.0000000E+00
-0.4457478E+00  0.9934555E-01  0.0000000E+00
-0.4301075E+00  0.9249624E-01  0.0000000E+00
-0.4144673E+00  0.8589155E-01  0.0000000E+00
-0.3988270E+00  0.7953148E-01  0.0000000E+00
-0.3831867E+00  0.7341603E-01  0.0000000E+00
-0.3675464E+00  0.6754519E-01  0.0000000E+00
-0.3519062E+00  0.6191897E-01  0.0000000E+00
-0.3362659E+00  0.5653737E-01  0.0000000E+00
-0.3206256E+00  0.5140039E-01  0.0000000E+00
-0.3049853E+00  0.4650803E-01  0.0000000E+00
-0.2893451E+00  0.4186028E-01  0.0000000E+00
-0.2737048E+00  0.3745716E-01  0.0000000E+00
-0.2580645E+00  0.3329865E-01  0.0000000E+00
-0.2424242E+00  0.2938476E-01  0.0000000E+00
-0.2267840E+00  0.2571548E-01  0.0000000E+00
-0.2111437E+00  0.2229083E-01  0.0000000E+00
-0.1955034E+00  0.1911079E-01  0.0000000E+00
-0.1798631E+00  0.1617538E-01  0.0000000E+00
-0.1642229E+00  0.1348458E-01  0.0000000E+00
-0.1485826E+00  0.1103839E-01  0.0000000E+00
-0.1329423E+00  0.8836831E-02  0.0000000E+00
-0.1173021E+00  0.6879886E-02  0.0000000E+00
-0.1016618E+00  0.5167559E-02  0.0000000E+00
-0.8602151E-01  0.3699850E-02  0.0000000E+00
-0.7038123E-01  0.2476759E-02  0.0000000E+00
-0.5474096E-01  0.1498286E-02  0.0000000E+00
-0.3910068E-01  0.7644318E-03  0.0000000E+00
-0.2346041E-01  0.2751954E-03  0.0000000E+00
-0.7820137E-02  0.3057727E-04  0.0000000E+00
 0.7820137E-02  0.3057727E-04  0.0000000E+00
 0.2346041E-01  0.2751954E-03  0.0000000E+00
 0.3910068E-01  0.7644318E-03  0.0000000E+00
 0.5474096E-01  0.1498286E-02  0.0000000E+00
 0.7038123E-01  0.2476759E-02  0.0000000E+00
 0.8602151E-01  0.3699850E-02  0.0000000E+00
 0.1016618E+00  0.5167559E-02  0.0000000E+00
 0.1173021E+00  0.6879886E-02  0.0000000E+00
 0.1329423E+00  0.8836831E-02  0.0000000E+00
 0.1485826E+00  0.1103839E-01  0.0000000E+00
 0.1642229E+00  0.1348458E-01  0.0000000E+00
 0.1798631E+00  0.1617538E-01  0.0000000E+00
 0.1955034E+00  0.1911079E-01  0.0000000E+00
 0.2111437E+00  0.2229083E-01  0.0000000E+00
 0.2267840E+00  0.2571548E-01  0.0000000E+00
 0.2424242E+00  0.2938476E-01  0.0000000E+00
 0.2580645E+00  0.3329865E-01  0.0000000E+00
 0.2737048E+00  0.3745716E-01  0.0000000E+00
 0.2893451E+00  0.4186028E-01  0.0000000E+00
 0.3049853E+00  0.4650803E-01  0.0000000E+00
 0.3206256E+00  0.5140039E-01  0.0000000E+00
 0.3362659E+00  0.5653737E-01  0.0000000E+00
 0.3519062E+00  0.6191897E-01  0.0000000E+00
 0.3675464E+00  0.6754519E-01  0.0000000E+00
 0.3831867E+00  0.7341603E-01  0.0000000E+00
 0.3988270E+00  0.7953148E-01  0.0000000E+00
 0.4144673E+00  0.8589155E-01  0.0000000E+00
 0.4301075E+00  0.9249624E-01  0.0000000E+00
 0.4457478E+00  0.9934555E-01  0.0000000E+00
 0.4613881E+00  0.1064395E+00  0.0000000E+00
 0.4770283E+00  0.1137780E+00  0.0000000E+00
 0.4926686E+00  0.1213612E+00  0.0000000E+00
 0.5083089E+00  0.1291890E+00  0.0000000E+00
 0.5239492E+00  0.1372614E+00  0.0000000E+00
 0.5395894E+00  0.1455784E+00  0.0000000E+00
 0.5552297E+00  0.1541400E+00  0.0000000E+00
 0.5708700E+00  0.1629463E+00  0.0000000E+00
 0.5865103E+00  0.1719971E+00  0.0000000E+00
 0.6021505E+00  0.1812926E+00  0.0000000E+00
 0.6177908E+00  0.1908327E+00  0.0000000E+00
 0.6334311E+00  0.2006175E+00  0.0000000E+00
 0.6490714E+00  0.2106468E+00  0.0000000E+00
 0.6647116E+00  0.2209208E+00  0.0000000E+00
 0.6803519E+00  0.2314394E+00  0.0000000E+00
 0.6959922E+00  0.2422026E+00  0.0000000E+00
 0.7116325E+00  0.2532104E+00  0.0000000E+00
 0.7272727E+00  0.2644628E+00  0.0000000E+00
 0.7429130E+00  0.2759599E+00  0.0000000E+00
 0.7585533E+00  0.2877015E+00  0.0000000E+00
 0.7741935E+00  0.2996878E+00  0.0000000E+00
 0.7898338E+00  0.3119187E+00  0.0000000E+00
 0.8054741E+00  0.3243943E+00  0.0000000E+00
 0.8211144E+00  0.3371144E+00  0.0000000E+00
 0.8367546E+00  0.3500792E+00  0.0000000E+00
 0.8523949E+00  0.3632885E+00  0.0000000E+00
 0.8680352E+00  0.3767425E+00  0.0000000E+00
 0.8836755E+00  0.3904412E+00  0.0000000E+00
 0.8993157E+00  0.4043844E+00  0.0000000E+00
 0.9149560E+00  0.4185723E+00  0.0000000E+00
 0.9305963E+00  0.4330047E+00  0.0000000E+00
 0.9462366E+00  0.4476818E+00  0.0000000E+00
 0.9618768E+00  0.4626035E+00  0.0000000E+00
 0.9775171E+00  0.4777698E+00  0.0000000E+00
 0.9931574E+00  0.4931808E+00  0.0000000E+00
 0.1008798E+01  0.5088364E+00  0.0000000E+00
 0.1024438E+01  0.5247365E+00  0.0000000E+00
 0.1040078E+01  0.5408813E+00  0.0000000E+00
 0.1055718E+01  0.5572707E+00  0.0000000E+00
 0.1071359E+01  0.5739048E+00  0.0000000E+00
 0.1086999E+01  0.5907834E+00  0.0000000E+00
 0.1102639E+01  0.6079067E+00  0.0000000E+00
 0.1118280E+01  0.6252746E+00  0.0000000E+00
 0.1133920E+01  0.6428871E+00  0.0000000E+00
 0.1149560E+01  0.6607442E+00  0.0000000E+00
 0.1165200E+01  0.6788460E+00  0.0000000E+00
 0.1180841E+01  0.6971923E+00  0.0000000E+00
 0.1196481E+01  0.7157833E+00  0.0000000E+00
 0.1212121E+01  0.7346189E+00  0.0000000E+00
 0.1227761E+01  0.7536991E+00  0.0000000E+00
 0.1243402E+01  0.7730240E+00  0.0000000E+00
 0.1259042E+01  0.7925934E+00  0.0000000E+00
 0.1274682E+01  0.8124075E+00  0.0000000E+00
 0.1290323E+01  0.8324662E+00  0.0000000E+00
 0.1305963E+01  0.8527695E+00  0.0000000E+00
 0.1321603E+01  0.8733174E+00  0.0000000E+00
 0.1337243E+01  0.8941100E+00  0.0000000E+00
 0.1352884E+01  0.9151471E+00  0.0000000E+00
 0.1368524E+01  0.9364289E+00  0.0000000E+00
 0.1384164E+01  0.9579553E+00  0.0000000E+00
 0.1399804E+01  0.9797263E+00  0.0000000E+00
 0.1415445E+01  0.1001742E+01  0.0000000E+00
 0.1431085E+01  0.1024002E+01  0.0000000E+00
 0.1446725E+01  0.1046507E+01  0.0000000E+00
 0.1462366E+01  0.1069257E+01  0.0000000E+00
 0.1478006E+01  0.1092251E+01  0.0000000E+00
 0.1493646E+01  0.1115489E+01  0.0000000E+00
 0.1509286E+01  0.1138973E+01  0.0000000E+00
 0.1524927E+01  0.1162701E+01  0.0000000E+00
 0.1540567E+01  0.1186673E+01  0.0000000E+00
 0.1556207E+01  0.1210890E+01  0.0000000E+00
 0.1571848E+01  0.1235352E+01  0.0000000E+00
 0.1587488E+01  0.1260059E+01  0.0000000E+00
 0.1603128E+01  0.1285010E+01  0.0000000E+00
 0.1618768E+01  0.1310205E+01  0.0000000E+00
 0.1634409E+01  0.1335646E+01  0.0000000E+00
 0.1650049E+01  0.1361331E+01  0.0000000E+00
 0.1665689E+01  0.1387260E+01  0.0000000E+00
 0.1681329E+01  0.1413434E+01  0.0000000E+00
 0.1696970E+01  0.1439853E+01  0.0000000E+00
 0.1712610E+01  0.1466516E+01  0.0000000E+00
 0.1728250E+01  0.1493424E+01  0.0000000E+00
 0.1743891E+01  0.1520577E+01  0.0000000E+00
 0.1759531E+01  0.1547974E+01  0.0000000E+00
 0.1775171E+01  0.1575616E+01  0.0000000E+00
 0.1790811E+01  0.1603503E+01  0.0000000E+00
 0.1806452E+01  0.1631634E+01  0.0000000E+00
 0.1822092E+01  0.1660009E+01  0.0000000E+00
 0.1837732E+01  0.1688630E+01  0.0000000E+00
 0.1853372E+01  0.1717495E+01  0.0000000E+00
 0.1869013E+01  0.1746604E+01  0.0000000E+00
 0.1884653E+01  0.1775958E+01  0.0000000E+00
 0.1900293E+01  0.1805557E+01  0.0000000E+00
 0.1915934E+01  0.1835401E+01  0.0000000E+00
 0.1931574E+01  0.1865489E+01  0.0000000E+00
 0.1947214E+01  0.1895821E+01  0.0000000E+00
 0.1962854E+01  0.1926399E+01  0.0000000E+00
 0.1978495E+01  0.1957220E+01  0.0000000E+00
 0.1994135E+01  0.1988287E+01  0.0000000E+00
 0.2009775E+01  0.2019598E+01  0.0000000E+00
 0.2025415E+01  0.2051154E+01  0.0000000E+00
 0.2041056E+01  0.2082954E+01  0.0000000E+00
 0.2056696E+01  0.2114999E+01  0.0000000E+00
 0.2072336E+01  0.2147289E+01  0.0000000E+00
 0.2087977E+01  0.2179823E+01  0.0000000E+00
 0.2103617E+01  0.2212602E+01  0.0000000E+00
 0.2119257E+01  0.2245625E+01  0.0000000E+00
 0.2134897E+01  0.2278893E+01  0.0000000E+00
 0.2150538E+01  0.2312406E+01  0.0000000E+00
 0.2166178E+01  0.2346163E+01  0.0000000E+00
 0.2181818E+01  0.2380165E+01  0.0000000E+00
 0.2197458E+01  0.2414412E+01  0.0000000E+00
 0.2213099E+01  0.2448903E+01  0.0000000E+00
 0.2228739E+01  0.2483639E+01  0.0000000E+00
 0.2244379E+01  0.2518619E+01  0.0000000E+00
 0.2260020E+01  0.2553844E+01  0.0000000E+00
 0.2275660E+01  0.2589314E+01  0.0000000E+00
 0.2291300E+01  0.2625028E+01  0.0000000E+00
 0.2306940E+01  0.2660987E+01  0.0000000E+00
 0.2322581E+01  0.2697190E+01  0.0000000E+00
 0.2338221E+01  0.2733639E+01  0.0000000E+00
 0.2353861E+01  0.2770331E+01  0.0000000E+00
 0.2369501E+01  0.2807269E+01  0.0000000E+00
 0.2385142E+01  0.2844451E+01  0.0000000E+00
 0.2400782E+01  0.2881877E+01  0.0000000E+00
 0.2416422E+01  0.2919548E+01  0.0000000E+00
 0.2432063E+01  0.2957464E+01  0.0000000E+00
 0.2447703E+01  0.2995625E+01  0.0000000E+00
 0.2463343E+01  0.3034030E+01  0.0000000E+00
 0.2478983E+01  0.3072679E+01  0.0000000E+00
 0.2494624E+01  0.3111574E+01  0.0000000E+00
 0.2510264E+01  0.3150712E+01  0.0000000E+00
 0.2525904E+01  0.3190096E+01  0.0000000E+00
 0.2541544E+01  0.3229724E+01  0.0000000E+00
 0.2557185E+01  0.3269597E+01  0.0000000E+00
 0.2572825E+01  0.3309714E+01  0.0000000E+00
 0.2588465E+01  0.3350076E+01  0.0000000E+00
 0.2604106E+01  0.3390683E+01  0.0000000E+00
 0.2619746E+01  0.3431534E+01  0.0000000E+00
 0.2635386E+01  0.3472630E+01  0.0000000E+00
 0.2651026E+01  0.3513970E+01  0.0000000E+00
 0.2666667E+01  0.3555556E+01  0.0000000E+00
 0.2682307E+01  0.3597385E+01  0.0000000E+00
 0.2697947E+01  0.3639460E+01  0.0000000E+00
 0.2713587E+01  0.3681779E+01  0.0000000E+00
 0.2729228E+01  0.3724342E+01  0.0000000E+00
 0.2744868E+01  0.3767150E+01  0.0000000E+00
 0.2760508E+01  0.3810203E+01  0.0000000E+00
 0.2776149E+01  0.3853500E+01  0.0000000E+00
 0.2791789E+01  0.3897043E+01  0.0000000E+00
 0.2807429E+01  0.3940829E+01  0.0000000E+00
 0.2823069E+01  0.3984860E+01  0.0000000E+00
 0.2838710E+01  0.4029136E+01  0.0000000E+00
 0.2854350E+01  0.4073657E+01  0.0000000E+00
 0.2869990E+01  0.4118422E+01  0.0000000E+00
 0.2885630E+01  0.4163432E+01  0.0000000E+00
 0.2901271E+01  0.4208686E+01  0.0000000E+00
 0.2916911E+01  0.4254185E+01  0.0000000E+00
 0.2932551E+01  0.4299929E+01  0.0000000E+00
 0.2948192E+01  0.4345917E+01  0.0000000E+00
 0.2963832E+01  0.4392150E+01  0.0000000E+00
 0.2979472E+01  0.4438627E+01  0.0000000E+00
 0.2995112E+01  0.4485349E+01  0.0000000E+00
 0.3010753E+01  0.4532316E+01  0.0000000E+00
 0.3026393E+01  0.4579527E+01  0.0000000E+00
 0.3042033E+01  0.4626983E+01  0.0000000E+00
 0.3057674E+01  0.4674684E+01  0.0000000E+00
 0.3073314E+01  0.4722629E+01  0.0000000E+00
 0.3088954E+01  0.4770819E+01  0.0000000E+00
 0.3104594E+01  0.4819253E+01  0.0000000E+00
 0.3120235E+01  0.4867932E+01  0.0000000E+00
 0.3135875E+01  0.4916856E+01  0.0000000E+00
 0.3151515E+01  0.4966024E+01  0.0000000E+00
 0.3167155E+01  0.5015437E+01  0.0000000E+00
 0.3182796E+01  0.5065094E+01  0.0000000E+00
 0.3198436E+01  0.5114996E+01  0.0000000E+00
 0.3214076E+01  0.5165143E+01  0.0000000E+00
 0.3229717E+01  0.5215534E+01  0.0000000E+00
 0.3245357E+01  0.5266170E+01  0.0000000E+00
 0.3260997E+01  0.5317051E+01  0.0000000E+00
 0.3276637E+01  0.5368176E+01  0.0000000E+00
 0.3292278E+01  0.5419546E+01  0.0000000E+00
 0.3307918E+01  0.5471160E+01  0.0000000E+00
 0.3323558E+01  0.5523019E+01  0.0000000E+00
 0.3339198E+01  0.5575123E+01  0.0000000E+00
 0.3354839E+01  0.5627471E+01  0.0000000E+00
 0.3370479E+01  0.5680064E+01  0.0000000E+00
 0.3386119E+01  0.5732902E+01  0.0000000E+00
 0.3401760E+01  0.5785984E+01  0.0000000E+00
 0.3417400E+01  0.5839311E+01  0.0000000E+00
 0.3433040E+01  0.5892882E+01  0.0000000E+00
 0.3448680E+01  0.5946698E+01  0.0000000E+00
 0.3464321E+01  0.6000759E+01  0.0000000E+00
 0.3479961E+01  0.6055064E+01  0.0000000E+00
 0.3495601E+01  0.6109614E+01  0.0000000E+00
 0.3511241E+01  0.6164408E+01  0.0000000E+00
 0.3526882E+01  0.6219447E+01  0.0000000E+00
 0.3542522E+01  0.6274731E+01  0.0000000E+00
 0.3558162E+01  0.6330259E+01  0.0000000E+00
 0.3573803E+01  0.6386032E+01  0.0000000E+00
 0.3589443E+01  0.6442050E+01  0.0000000E+00
 0.3605083E+01  0.6498312E+01  0.0000000E+00
 0.3620723E+01  0.6554819E+01  0.0000000E+00
 0.3636364E+01  0.6611570E+01  0.0000000E+00
 0.3652004E+01  0.6668566E+01  0.0000000E+00
 0.3667644E+01  0.6725807E+01  0.0000000E+00
 0.3683284E+01  0.6783292E+01  0.0000000E+00
 0.3698925E+01  0.6841022E+01  0.0000000E+00
 0.3714565E+01  0.6898997E+01  0.0000000E+00
 0.3730205E+01  0.6957216E+01  0.0000000E+00
 0.3745846E+01  0.7015679E+01  0.0000000E+00
 0.3761486E+01  0.7074388E+01  0.0000000E+00
 0.3777126E+01  0.7133341E+01  0.0000000E+00
 0.3792766E+01  0.7192538E+01  0.0000000E+00
 0.3808407E+01  0.7251981E+01  0.0000000E+00
 0.3824047E+01  0.7311667E+01  0.0000000E+00
 0.3839687E+01  0.7371599E+01  0.0000000E+00
 0.3855327E+01  0.7431775E+01  0.0000000E+00
 0.3870968E+01  0.7492196E+01  0.0000000E+00
 0.3886608E+01  0.7552861E+01  0.0000000E+00
 0.3902248E+01  0.7613771E+01  0.0000000E+00
 0.3917889E+01  0.7674925E+01  0.0000000E+00
 0.3933529E+01  0.7736325E+01  0.0000000E+00
 0.3949169E+01  0.7797968E+01  0.0000000E+00
 0.3964809E+01  0.7859857E+01  0.0000000E+00
 0.3980450E+01  0.7921990E+01  0.0000000E+00
 0.3996090E+01  0.7984367E+01  0.0000000E+00
 0.4011730E+01  0.8046990E+01  0.0000000E+00
 0.4027370E+01  0.8109856E+01  0.0000000E+00
 0.4043011E+01  0.8172968E+01  0.0000000E+00
 0.4058651E+01  0.8236324E+01  0.0000000E+00
 0.4074291E+01  0.8299925E+01  0.0000000E+00
 0.4089932E+01  0.8363770E+01  0.0000000E+00
 0.4105572E+01  0.8427860E+01  0.0000000E+00
 0.4121212E+01  0.8492195E+01  0.0000000E+00
 0.4136852E+01  0.8556774E+01  0.0000000E+00
 0.4152493E+01  0.8621598E+01  0.0000000E+00
 0.4168133E+01  0.8686666E+01  0.0000000E+00
 0.4183773E+01  0.8751979E+01  0.0000000E+00
 0.4199413E+01  0.8817537E+01  0.0000000E+00
 0.4215054E+01  0.8883339E+01  0.0000000E+00
 0.4230694E+01  0.8949386E+01  0.0000000E+00
 0.4246334E+01  0.9015678E+01  0.0000000E+00
 0.4261975E+01  0.9082214E+01  0.0000000E+00
 0.4277615E+01  0.9148994E+01  0.0000000E+00
 0.4293255E+01  0.9216020E+01  0.0000000E+00
 0.4308895E+01  0.9283290E+01  0.0000000E+00
 0.4324536E+01  0.9350804E+01  0.0000000E+00
 0.4340176E+01  0.9418564E+01  0.0000000E+00
 0.4355816E+01  0.9486568E+01  0.0000000E+00
 0.4371457E+01  0.9554816E+01  0.0000000E+00
 0.4387097E+01  0.9623309E+01  0.0000000E+00
 0.4402737E+01  0.9692047E+01  0.0000000E+00
 0.4418377E+01  0.9761029E+01  0.0000000E+00
 0.4434018E+01  0.9830256E+01  0.0000000E+00
 0.4449658E+01  0.9899728E+01  0.0000000E+00
 0.4465298E+01  0.9969444E+01  0.0000000E+00
 0.4480938E+01  0.1003940E+02  0.0000000E+00
 0.4496579E+01  0.1010961E+02  0.0000000E+00
 0.4512219E+01  0.1018006E+02  0.0000000E+00
 0.4527859E+01  0.1025075E+02  0.0000000E+00
 0.4543500E+01  0.1032169E+02  0.0000000E+00
 0.4559140E+01  0.1039288E+02  0.0000000E+00
 0.4574780E+01  0.1046431E+02  0.0000000E+00
 0.4590420E+01  0.1053598E+02  0.0000000E+00
 0.4606061E+01  0.1060790E+02  0.0000000E+00
 0.4621701E+01  0.1068006E+02  0.0000000E+00
 0.4637341E+01  0.1075247E+02  0.0000000E+00
 0.4652981E+01  0.1082512E+02  0.0000000E+00
 0.4668622E+01  0.1089801E+02  0.0000000E+00
 0.4684262E+01  0.1097116E+02  0.0000000E+00
 0.4699902E+01  0.1104454E+02  0.0000000E+00
 0.4715543E+01  0.1111817E+02  0.0000000E+00
 0.4731183E+01  0.1119205E+02  0.0000000E+00
 0.4746823E+01  0.1126616E+02  0.0000000E+00
 0.4762463E+01  0.1134053E+02  0.0000000E+00
 0.4778104E+01  0.1141514E+02  0.0000000E+00
 0.4793744E+01  0.1148999E+02  0.0000000E+00
 0.4809384E+01  0.1156509E+02  0.0000000E+00
 0.4825024E+01  0.1164043E+02  0.0000000E+00
 0.4840665E+01  0.1171602E+02  0.0000000E+00
 0.4856305E+01  0.1179185E+02  0.0000000E+00
 0.4871945E+01  0.1186793E+02  0.0000000E+00
 0.4887586E+01  0.1194425E+02  0.0000000E+00
 0.4903226E+01  0.1202081E+02  0.0000000E+00
 0.4918866E+01  0.1209762E+02  0.0000000E+00
 0.4934506E+01  0.1217468E+02  0.0000000E+00
 0.4950147E+01  0.1225198E+02  0.0000000E+00
 0.4965787E+01  0.1232952E+02  0.0000000E+00
 0.4981427E+01  0.1240731E+02  0.0000000E+00
 0.4997067E+01  0.1248534E+02  0.0000000E+00
 0.5012708E+01  0.1256362E+02  0.0000000E+00
 0.5028348E+01  0.1264214E+02  0.0000000E+00
 0.5043988E+01  0.1272091E+02  0.0000000E+00
 0.5059629E+01  0.1279992E+02  0.0000000E+00
 0.5075269E+01  0.1287918E+02  0.0000000E+00
 0.5090909E+01  0.1295868E+02  0.0000000E+00
 0.5106549E+01  0.1303842E+02  0.0000000E+00
 0.5122190E+01  0.1311841E+02  0.0000000E+00
 0.5137830E+01  0.1319865E+02  0.0000000E+00
 0.5153470E+01  0.1327913E+02  0.0000000E+00
 0.5169110E+01  0.1335985E+02  0.0000000E+00
 0.5184751E+01  0.1344082E+02  0.0000000E+00
 0.5200391E+01  0.1352203E+02  0.0000000E+00
 0.5216031E+01  0.1360349E+02  0.0000000E+00
 0.5231672E+01  0.1368519E+02  0.0000000E+00
 0.5247312E+01  0.1376714E+02  0.0000000E+00
 0.5262952E+01  0.1384933E+02  0.0000000E+00
 0.5278592E+01  0.1393177E+02  0.0000000E+00
 0.5294233E+01  0.1401445E+02  0.0000000E+00
 0.5309873E+01  0.1409738E+02  0.0000000E+00
 0.5325513E+01  0.1418055E+02  0.0000000E+00
 0.5341153E+01  0.1426396E+02  0.0000000E+00
 0.5356794E+01  0.1434762E+02  0.0000000E+00
 0.5372434E+01  0.1443152E+02  0.0000000E+00
 0.5388074E+01  0.1451567E+02  0.0000000E+00
 0.5403715E+01  0.1460007E+02  0.0000000E+00
 0.5419355E+01  0.1468470E+02  0.0000000E+00
 0.5434995E+01  0.1476959E+02  0.0000000E+00
 0.5450635E+01  0.1485471E+02  0.0000000E+00
 0.5466276E+01  0.1494008E+02  0.0000000E+00
 0.5481916E+01  0.1502570E+02  0.0000000E+00
 0.5497556E+01  0.1511156E+02  0.0000000E+00
 0.5513196E+01  0.1519767E+02  0.0000000E+00
 0.5528837E+01  0.1528402E+02  0.0000000E+00
 0.5544477E+01  0.1537061E+02  0.0000000E+00
 0.5560117E+01  0.1545745E+02  0.0000000E+00
 0.5575758E+01  0.1554454E+02  0.0000000E+00
 0.5591398E+01  0.1563186E+02  0.0000000E+00
 0.5607038E+01  0.1571944E+02  0.0000000E+00
 0.5622678E+01  0.1580726E+02  0.0000000E+00
 0.5638319E+01  0.1589532E+02  0.0000000E+00
 0.5653959E+01  0.1598363E+02  0.0000000E+00
 0.5669599E+01  0.1607218E+02  0.0000000E+00
 0.5685239E+01  0.1616097E+02  0.0000000E+00
 0.5700880E+01  0.1625002E+02  0.0000000E+00
 0.5716520E+01  0.1633930E+02  0.0000000E+00
 0.5732160E+01  0.1642883E+02  0.0000000E+00
 0.5747801E+01  0.1651861E+02  0.0000000E+00
 0.5763441E+01  0.1660863E+02  0.0000000E+00
 0.5779081E+01  0.1669889E+02  0.0000000E+00
 0.5794721E+01  0.1678940E+02  0.0000000E+00
 0.5810362E+01  0.1688015E+02  0.0000000E+00
 0.5826002E+01  0.1697115E+02  0.0000000E+00
 0.5841642E+01  0.1706239E+02  0.0000000E+00
 0.5857283E+01  0.1715388E+02  0.0000000E+00
 0.5872923E+01  0.1724561E+02  0.0000000E+00
 0.5888563E+01  0.1733759E+02  0.0000000E+00
 0.5904203E+01  0.1742981E+02  0.0000000E+00
 0.5919844E+01  0.1752227E+02  0.0000000E+00
 0.5935484E+01  0.1761498E+02  0.0000000E+00
 0.5951124E+01  0.1770794E+02  0.0000000E+00
 0.5966764E+01  0.1780114E+02  0.0000000E+00
 0.5982405E+01  0.1789458E+02  0.0000000E+00
 0.5998045E+01  0.1798827E+02  0.0000000E+00
 0.6013685E+01  0.1808221E+02  0.0000000E+00
 0.6029326E+01  0.1817638E+02  0.0000000E+00
 0.6044966E+01  0.1827081E+02  0.0000000E+00
 0.6060606E+01  0.1836547E+02  0.0000000E+00
 0.6076246E+01  0.1846038E+02  0.0000000E+00
 0.6091887E+01  0.1855554E+02  0.0000000E+00
 0.6107527E+01  0.1865094E+02  0.0000000E+00
 0.6123167E+01  0.1874659E+02  0.0000000E+00
 0.6138807E+01  0.1884248E+02  0.0000000E+00
 0.6154448E+01  0.1893861E+02  0.0000000E+00
 0.6170088E+01  0.1903499E+02  0.0000000E+00
 0.6185728E+01  0.1913162E+02  0.0000000E+00
 0.6201369E+01  0.1922849E+02  0.0000000E+00
 0.6217009E+01  0.1932560E+02  0.0000000E+00
 0.6232649E+01  0.1942296E+02  0.0000000E+00
 0.6248289E+01  0.1952056E+02  0.0000000E+00
 0.6263930E+01  0.1961841E+02  0.0000000E+00
 0.6279570E+01  0.1971650E+02  0.0000000E+00
 0.6295210E+01  0.1981484E+02  0.0000000E+00
 0.6310850E+01  0.1991342E+02  0.0000000E+00
 0.6326491E+01  0.2001224E+02  0.0000000E+00
 0.6342131E+01  0.2011131E+02  0.0000000E+00
 0.6357771E+01  0.2021063E+02  0.0000000E+00
 0.6373412E+01  0.2031019E+02  0.0000000E+00
 0.6389052E+01  0.2040999E+02  0.0000000E+00
 0.6404692E+01  0.2051004E+02  0.0000000E+00
 0.6420332E+01  0.2061033E+02  0.0000000E+00
 0.6435973E+01  0.2071087E+02  0.0000000E+00
 0.6451613E+01  0.2081165E+02  0.0000000E+00
 0.6467253E+01  0.2091268E+02  0.0000000E+00
 0.6482893E+01  0.2101395E+02  0.0000000E+00
 0.6498534E+01  0.2111547E+02  0.0000000E+00
 0.6514174E+01  0.2121723E+02  0.0000000E+00
 0.6529814E+01  0.2131924E+02  0.0000000E+00
 0.6545455E+01  0.2142149E+02  0.0000000E+00
 0.6561095E+01  0.2152398E+02  0.0000000E+00
 0.6576735E+01  0.2162672E+02  0.0000000E+00
 0.6592375E+01  0.2172971E+02  0.0000000E+00
 0.6608016E+01  0.2183294E+02  0.0000000E+00
 0.6623656E+01  0.2193641E+02  0.0000000E+00
 0.6639296E+01  0.2204013E+02  0.0000000E+00
 0.6654936E+01  0.2214409E+02  0.0000000E+00
 0.6670577E+01  0.2224830E+02  0.0000000E+00
 0.6686217E+01  0.2235275E+02  0.0000000E+00
 0.6701857E+01  0.2245745E+02  0.0000000E+00
 0.6717498E+01  0.2256239E+02  0.0000000E+00
 0.6733138E+01  0.2266757E+02  0.0000000E+00
 0.6748778E+01  0.2277300E+02  0.0000000E+00
 0.6764418E+01  0.2287868E+02  0.0000000E+00
 0.6780059E+01  0.2298460E+02  0.0000000E+00
 0.6795699E+01  0.2309076E+02  0.0000000E+00
 0.6811339E+01  0.2319717E+02  0.0000000E+00
 0.6826979E+01  0.2330382E+02  0.0000000E+00
 0.6842620E+01  0.2341072E+02  0.0000000E+00
 0.6858260E+01  0.2351787E+02  0.0000000E+00
 0.6873900E+01  0.2362525E+02  0.0000000E+00
 0.6889541E+01  0.2373288E+02  0.0000000E+00
 0.6905181E+01  0.2384076E+02  0.0000000E+00
 0.6920821E+01  0.2394888E+02  0.0000000E+00
 0.6936461E+01  0.2405725E+02  0.0000000E+00
 0.6952102E+01  0.2416586E+02  0.0000000E+00
 0.6967742E+01  0.2427471E+02  0.0000000E+00
 0.6983382E+01  0.2438381E+02  0.0000000E+00
 0.6999022E+01  0.2449316E+02  0.0000000E+00
 0.7014663E+01  0.2460275E+02  0.0000000E+00
 0.7030303E+01  0.2471258E+02  0.0000000E+00
 0.7045943E+01  0.2482266E+02  0.0000000E+00
 0.7061584E+01  0.2493298E+02  0.0000000E+00
 0.7077224E+01  0.2504355E+02  0.0000000E+00
 0.7092864E+01  0.2515436E+02  0.0000000E+00
 0.7108504E+01  0.2526542E+02  0.0000000E+00
 0.7124145E+01  0.2537672E+02  0.0000000E+00
 0.7139785E+01  0.2548826E+02  0.0000000E+00
 0.7155425E+01  0.2560006E+02  0.0000000E+00
 0.7171065E+01  0.2571209E+02  0.0000000E+00
 0.7186706E+01  0.2582437E+02  0.0000000E+00
 0.7202346E+01  0.2593689E+02  0.0000000E+00
 0.7217986E+01  0.2604966E+02  0.0000000E+00
 0.7233627E+01  0.2616268E+02  0.0000000E+00
 0.7249267E+01  0.2627594E+02  0.0000000E+00
 0.7264907E+01  0.2638944E+02  0.0000000E+00
 0.7280547E+01  0.2650319E+02  0.0000000E+00
 0.7296188E+01  0.2661718E+02  0.0000000E+00
 0.7311828E+01  0.2673141E+02  0.0000000E+00
 0.7327468E+01  0.2684590E+02  0.0000000E+00
 0.7343109E+01  0.2696062E+02  0.0000000E+00
 0.7358749E+01  0.2707559E+02  0.0000000E+00
 0.7374389E+01  0.2719081E+02  0.0000000E+00
 0.7390029E+01  0.2730627E+02  0.0000000E+00
 0.7405670E+01  0.2742197E+02  0.0000000E+00
 0.7421310E+01  0.2753792E+02  0.0000000E+00
 0.7436950E+01  0.2765411E+02  0.0000000E+00
 0.7452590E+01  0.2777055E+02  0.0000000E+00
 0.7468231E+01  0.2788723E+02  0.0000000E+00
 0.7483871E+01  0.2800416E+02  0.0000000E+00
 0.7499511E+01  0.2812133E+02  0.0000000E+00
 0.7515152E+01  0.2823875E+02  0.0000000E+00
 0.7530792E+01  0.2835641E+02  0.0000000E+00
 0.7546432E+01  0.2847432E+02  0.0000000E+00
 0.7562072E+01  0.2859247E+02  0.0000000E+00
 0.7577713E+01  0.2871086E+02  0.0000000E+00
 0.7593353E+01  0.2882950E+02  0.0000000E+00
 0.7608993E+01  0.2894839E+02  0.0000000E+00
 0.7624633E+01  0.2906752E+02  0.0000000E+00
 0.7640274E+01  0.2918689E+02  0.0000000E+00
 0.7655914E+01  0.2930651E+02  0.0000000E+00
 0.7671554E+01  0.2942637E+02  0.0000000E+00
 0.7687195E+01  0.2954648E+02  0.0000000E+00
 0.7702835E+01  0.2966683E+02  0.0000000E+00
 0.7718475E+01  0.2978743E+02  0.0000000E+00
 0.7734115E+01  0.2990827E+02  0.0000000E+00
 0.7749756E+01  0.3002936E+02  0.0000000E+00
 0.7765396E+01  0.3015069E+02  0.0000000E+00
 0.7781036E+01  0.3027226E+02  0.0000000E+00
 0.7796676E+01  0.3039408E+02  0.0000000E+00
 0.7812317E+01  0.3051615E+02  0.0000000E+00
 0.7827957E+01  0.3063846E+02  0.0000000E+00
 0.7843597E+01  0.3076101E+02  0.0000000E+00
 0.7859238E+01  0.3088381E+02  0.0000000E+00
 0.7874878E+01  0.3100685E+02  0.0000000E+00
 0.7890518E+01  0.3113014E+02  0.0000000E+00
 0.7906158E+01  0.3125367E+02  0.0000000E+00
 0.7921799E+01  0.3137745E+02  0.0000000E+00
 0.7937439E+01  0.3150147E+02  0.0000000E+00
 0.7953079E+01  0.3162573E+02  0.0000000E+00
 0.7968719E+01  0.3175024E+02  0.0000000E+00
 0.7984360E+01  0.3187500E+02  0.0000000E+00
 0.8000000E+01  0.3200000E+02  0.0000000E+00
