  -5.9667644183773216       1.07424539199204100E-006
  -5.9511241446725318       1.27881063844695153E-006
  -5.9354838709677420       1.52086541954971098E-006
  -5.9198435972629522       1.80699562940020522E-006
  -5.9042033235581624       2.14489066504331675E-006
  -5.8885630498533725       2.54351863622912043E-006
  -5.8729227761485827       3.01332770461918631E-006
  -5.8572825024437929       3.56647716632527255E-006
  -5.8416422287390031       4.21710234613861914E-006
  -5.8260019550342133       4.98161787647211830E-006
  -5.8103616813294234       5.87906449341061110E-006
  -5.7947214076246336       6.93150510111999685E-006
  -5.7790811339198438       8.16447653922808146E-006
  -5.7634408602150540       9.60750424092010738E-006
  -5.7478005865102642       1.12946877978710346E-005
  -5.7321603128054743       1.32653663574410737E-005
  -5.7165200391006845       1.55648737736315692E-005
  -5.7008797653958947       1.82453945221046374E-005
  -5.6852394916911049       2.13669325771584293E-005
  -5.6695992179863151       2.49984067409931272E-005
  -5.6539589442815252       2.92188873189305240E-005
  -5.6383186705767354       3.41189905543722922E-005
  -5.6226783968719456       3.98024488798994806E-005
  -5.6070381231671558       4.63878768114187807E-005
  -5.5913978494623660       5.40107542156166367E-005
  -5.5757575757575761       6.28256507215884795E-005
  -5.5601173020527863       7.30087172290900600E-005
  -5.5444770283479965       8.47604727912344751E-005
  -5.5288367546432067       9.83089176204495499E-005
  -5.5131964809384169       1.13913005583697423E-004
  -5.4975562072336270       1.31866512315442715E-004
  -5.4819159335288372       1.52502337982145686E-004
  -5.4662756598240474       1.76197286775677350E-004
  -5.4506353861192576       2.03377368388409595E-004
  -5.4349951124144678       2.34523670020805105E-004
  -5.4193548387096779       2.70178850881323341E-004
  -5.4037145650048881       3.10954314643641495E-004
  -5.3880742913000983       3.57538118909479720E-004
  -5.3724340175953085       4.10703684364979076E-004
  -5.3567937438905187       4.71319369989068129E-004
  -5.3411534701857288       5.40358984343600234E-004
  -5.3255131964809390       6.18913306612958888E-004
  -5.3098729227761492       7.08202694625962225E-004
  -5.2942326490713594       8.09590860541053352E-004
  -5.2785923753665696       9.24599898157104369E-004
  -5.2629521016617797       1.05492664887154100E-003
  -5.2473118279569890       1.20246049608380059E-003
  -5.2316715542521992       1.36930268026843466E-003
  -5.2160312805474094       1.55778722894577850E-003
  -5.2003910068426196       1.77050359727942328E-003
  -5.1847507331378297       2.01032111594488761E-003
  -5.1691104594330399       2.28041534315117939E-003
  -5.1534701857282501       2.58429641716049823E-003
  -5.1378299120234603       2.92583950423955024E-003
  -5.1221896383186705       3.30931743458214760E-003
  -5.1065493646138806       3.73943561525595268E-003
  -5.0909090909090908       4.22136930453266297E-003
  -5.0752688172043010       4.76080332594223856E-003
  -5.0596285434995112       5.36397429293005660E-003
  -5.0439882697947214       6.03771540596992860E-003
  -5.0283479960899315       6.78950387327806239E-003
  -5.0127077223851417       7.62751099376381830E-003
  -4.9970674486803519       8.56065492643083570E-003
  -4.9814271749755621       9.59865615399651921E-003
  -4.9657869012707723       1.07520956299286628E-002
  -4.9501466275659824       1.20324755773126325E-002
  -4.9345063538611926       1.34522828848804028E-002
  -4.9188660801564028       1.50250550200877759E-002
  -4.9032258064516130       1.67654483512658589E-002
  -4.8875855327468232       1.86893087405691077E-002
  -4.8719452590420333       2.08137442366796016E-002
  -4.8563049853372435       2.31571996610258693E-002
  -4.8406647116324537       2.57395328436680025E-002
  -4.8250244379276639       2.85820922250670170E-002
  -4.8093841642228741       3.17077954977894663E-002
  -4.7937438905180842       3.51412089179433743E-002
  -4.7781036168132944       3.89086268699652890E-002
  -4.7624633431085046       4.30381512205009198E-002
  -4.7468230694037148       4.75597699477912292E-002
  -4.7311827956989241       5.25054344824973096E-002
  -4.7155425219941343       5.79091351446035241E-002
  -4.6999022482893444       6.38069740093331894E-002
  -4.6842619745845546       7.02372344832973283E-002
  -4.6686217008797648       7.72404468208988254E-002
  -4.6529814271749750       8.48594487608064635E-002
  -4.6373411534701852       9.31394404137076831E-002
  -4.6217008797653953       0.10212803248612191     
  -4.6060606060606055       0.11187528688148565     
  -4.5904203323558157       0.12243374867967370     
  -4.5747800586510259       0.13385846846032448     
  -4.5591397849462361       0.14620701390454230     
  -4.5434995112414462       0.15953946958451390     
  -4.5278592375366564       0.17391842383208805     
  -4.5122189638318666       0.18940894156622792     
  -4.4965786901270768       0.20607852195621854     
  -4.4809384164222870       0.22399703980341029     
  -4.4652981427174971       0.24323666953984982     
  -4.4496578690127073       0.26387179076811129     
  -4.4340175953079175       0.28597887430372709     
  -4.4183773216031277       0.30963634773042215     
  -4.4027370478983379       0.33492443953948942     
  -4.3870967741935480       0.36192500099860714     
  -4.3714565004887582       0.39072130498258356     
  -4.3558162267839684       0.42139782109926960     
  -4.3401759530791786       0.45403996655838269     
  -4.3245356793743888       0.48873383235933598     
  -4.3088954056695989       0.52556588451630104     
  -4.2932551319648091       0.56462264019445652     
  -4.2776148582600193       0.60599031880033838     
  -4.2619745845552295       0.64975446825090910     
  -4.2463343108504397       0.69599956683968178     
  -4.2306940371456498       0.74480860132317095     
  -4.2150537634408600       0.79626262206601750     
  -4.1994134897360702       0.85044027630712804     
  -4.1837732160312804       0.90741732084075333     
  -4.1681329423264906       0.96726611564392573     
  -4.1524926686217007        1.0300551002234408     
  -4.1368523949169109        1.0958482546996260     
  -4.1212121212121211        1.1647045478884457     
  -4.1055718475073313        1.2366773748858415     
  -4.0899315738025415        1.3118139868962564     
  -4.0742913000977516        1.3901549162785822     
  -4.0586510263929618        1.4717334000047670     
  -4.0430107526881720        1.5565748049364276     
  -4.0273704789833822        1.6446960585203625     
  -4.0117302052785924        1.7361050886821274     
  -3.9960899315738025        1.8308002768553415     
  -3.9804496578690127        1.9287699282201911     
  -3.9648093841642229        2.0299917633355458     
  -3.9491691104594331        2.1344324354323803     
  -3.9335288367546433        2.2420470776897501     
  -3.9178885630498534        2.3527788848361704     
  -3.9022482893450636        2.4665587334069605     
  -3.8866080156402738        2.5833048449402676     
  -3.8709677419354840        2.7029224963096721     
  -3.8553274682306942        2.8253037812683321     
  -3.8396871945259043        2.9503274271177724     
  -3.8240469208211145        3.0778586702132227     
  -3.8084066471163247        3.2077491937767975     
  -3.7927663734115349        3.3398371312100088     
  -3.7771260997067451        3.4739471377790578     
  -3.7614858260019552        3.6098905331908928     
  -3.7458455522971654        3.7474655171870532     
  -3.7302052785923756        3.8864574598575805     
  -3.7145650048875858        4.0266392679212952     
  -3.6989247311827960        4.1677718277344189     
  -3.6832844574780061        4.3096045252798421     
  -3.6676441837732163        4.4518758428583425     
  -3.6520039100684265        4.5943140316541431     
  -3.6363636363636367        4.7366378587852997     
  -3.6207233626588469        4.8785574268785119     
  -3.6050830889540570        5.0197750636333343     
  -3.5894428152492672        5.1599862782672519     
  -3.5738025415444774        5.2988807811659022     
  -3.5581622678396876        5.4361435625072039     
  -3.5425219941348978        5.5714560250897263     
  -3.5268817204301079        5.7044971660794328     
  -3.5112414467253181        5.8349448019005052     
  -3.4956011730205283        5.9624768300402851     
  -3.4799608993157376        6.0867725211204640     
  -3.4643206256109478        6.2075138342113387     
  -3.4486803519061580        6.3243867480375568     
  -3.4330400782013681        6.4370826004462813     
  -3.4173998044965783        6.5452994282860919     
  -3.4017595307917885        6.6487432996800928     
  -3.3861192570869987        6.7471296305722950     
  -3.3704789833822089        6.8401844773849225     
  -3.3548387096774190        6.9276457976468198     
  -3.3391984359726292        7.0092646705411159     
  -3.3235581622678394        7.0848064694736932     
  -3.3079178885630496        7.1540519789826034     
  -3.2922776148582598        7.2167984485915033     
  -3.2766373411534699        7.2728605765555310     
  -3.2609970674486801        7.3220714168538912     
  -3.2453567937438903        7.3642832032465444     
  -3.2297165200391005        7.3993680847295469     
  -3.2140762463343107        7.4272187672904648     
  -3.1984359726295208        7.4477490574775196     
  -3.1827956989247310        7.4608943039483524     
  -3.1671554252199412        7.4666117338512246     
  -3.1515151515151514        7.4648806816070232     
  -3.1358748778103616        7.4557027083984595     
  -3.1202346041055717        7.4391016114268078     
  -3.1045943304007819        7.4151233227598627     
  -3.0889540566959921        7.3838356983605191     
  -3.0733137829912023        7.3453281986468930     
  -3.0576735092864125        7.2997114626854129     
  -3.0420332355816226        7.2471167788508364     
  -3.0263929618768328        7.1876954554957955     
  -3.0107526881720430        7.1216180958503346     
  -2.9951124144672532        7.0490737820136165     
  -2.9794721407624634        6.9702691734997568     
  -2.9638318670576735        6.8854275263523599     
  -2.9481915933528837        6.7947876393437268     
  -2.9325513196480939        6.6986027342200281     
  -2.9169110459433041        6.5971392773403901     
  -2.9012707722385143        6.4906757503821177     
  -2.8856304985337244        6.3795013780447531     
  -2.8699902248289346        6.2639148208800366     
  -2.8543499511241448        6.1442228415028604     
  -2.8387096774193550        6.0207389524991468     
  -2.8230694037145652        5.8937820543412753     
  -2.8074291300097753        5.7636750715506393     
  -2.7917888563049855        5.6307435952125724     
  -2.7761485826001957        5.4953145397527541     
  -2.7605083088954059        5.3577148216299095     
  -2.7448680351906161        5.2182700672898896     
  -2.7292277614858262        5.0773033573654214     
  -2.7135874877810364        4.9351340136978115     
  -2.6979472140762466        4.7920764353067051     
  -2.6823069403714568        4.6484389889462907     
  -2.6666666666666670        4.5045229593664455     
  -2.6510263929618771        4.3606215638507866     
  -2.6353861192570873        4.2170190350354861     
  -2.6197458455522975        4.0739897754293004     
  -2.6041055718475077        3.9317975864614172     
  -2.5884652981427179        3.7906949742855414     
  -2.5728250244379280        3.6509225339712206     
  -2.5571847507331382        3.5127084131220330     
  -2.5415444770283484        3.3762678553800995     
  -2.5259042033235586        3.2418028237119549     
  -2.5102639296187688        3.1095017028267491     
  -2.4946236559139781        2.9795390795580317     
  -2.4789833822091882        2.8520755995487561     
  -2.4633431085043984        2.7272578981187459     
  -2.4477028347996086        2.6052186027681157     
  -2.4320625610948188        2.4860764043804822     
  -2.4164222873900290        2.3699361938393277     
  -2.4007820136852391        2.2568892604602322     
  -2.3851417399804493        2.1470135483724282     
  -2.3695014662756595        2.0403739667556655     
  -2.3538611925708697        1.9370227496529568     
  -2.3382209188660799        1.8369998609361615     
  -2.3225806451612900        1.7403334398989039     
  -2.3069403714565002        1.6470402828890716     
  -2.2913000977517104        1.5571263563696460     
  -2.2756598240469206        1.4705873368103410     
  -2.2600195503421308        1.3874091728614462     
  -2.2443792766373409        1.3075686653431955     
  -2.2287390029325511        1.2310340606965711     
  -2.2130987292277613        1.1577656536820522     
  -2.1974584555229715        1.0877163952787803     
  -2.1818181818181817        1.0208325019250684     
  -2.1661779081133918       0.95705406244929259     
  -2.1505376344086020       0.89631563926499502     
  -2.1348973607038122       0.83854686064266382     
  -2.1192570869990224       0.78367300112017324     
  -2.1036168132942326       0.73161554737148127     
  -2.0879765395894427       0.68229274711617183     
  -2.0723362658846529       0.63562013891813329     
  -2.0566959921798631       0.59151106098760187     
  -2.0410557184750733       0.54987713736466237     
  -2.0254154447702835       0.51062874012185122     
  -2.0097751710654936       0.47367542647681554     
  -1.9941348973607038       0.43892634995119612     
  -1.9784946236559140       0.40629064494744066     
  -1.9628543499511242       0.37567778433969107     
  -1.9472140762463344       0.34699790988703061     
  -1.9315738025415445       0.32016213547620065     
  -1.9159335288367547       0.29508282338562419     
  -1.9002932551319649       0.27167383393255673     
  -1.8846529814271751       0.24985074902002880     
  -1.8690127077223853       0.22953107023967662     
  -1.8533724340175954       0.21063439231049991     
  -1.8377321603128056       0.19308255274213110     
  -1.8220918866080158       0.17679975870452991     
  -1.8064516129032260       0.16171269216451697     
  -1.7908113391984362       0.14775059441366695     
  -1.7751710654936463       0.13484533116237621     
  -1.7595307917888565       0.12293143941206092     
  -1.7438905180840667       0.11194615734215238     
  -1.7282502443792769       0.10182943846163753     
  -1.7126099706744871       9.25239512771830891E-002
  -1.6969696969696972       8.39750657222589070E-002
  -1.6813294232649074       7.61308275750363084E-002
  -1.6656891495601176       6.89419220680988487E-002
  -1.6500488758553278       6.23616278610662628E-002
  -1.6344086021505380       5.63457625090126937E-002
  -1.6187683284457481       5.08526205159339079E-002
  -1.6031280547409583       4.58429050143472211E-002
  -1.5874877810361685       4.12796540602224232E-002
  -1.5718475073313787       3.71281624776255287E-002
  -1.5562072336265889       3.33559001304601782E-002
  -1.5405669599217990       2.99324274402089814E-002
  -1.5249266862170092       2.68293089092594000E-002
  -1.5092864125122194       2.40200253498391719E-002
  -1.4936461388074296       2.14798854593293391E-002
  -1.4780058651026389       1.91859373242519761E-002
  -1.4623655913978491       1.71168803779824866E-002
  -1.4467253176930592       1.52529782815832033E-002
  -1.4310850439882694       1.35759731434355324E-002
  -1.4154447702834796       1.20690014418199619E-002
  -1.3998044965786898       1.07165119654993226E-002
  -1.3841642228739000       9.50418604087088781E-003
  -1.3685239491691101       8.41886027050760787E-003
  -1.3528836754643203       7.44845196700386417E-003
  -1.3372434017595305       6.58188742803425628E-003
  -1.3216031280547407       5.80903316345086213E-003
  -1.3059628543499509       5.12063015307822906E-003
  -1.2903225806451610       4.50823118458224155E-003
  -1.2746823069403712       3.96414129433175430E-003
  -1.2590420332355814       3.48136131046065771E-003
  -1.2434017595307916       3.05353447627690214E-003
  -1.2277614858260018       2.67489611364178084E-003
  -1.2121212121212119       2.34022626983370393E-003
  -1.1964809384164221       2.04480527758319494E-003
  -1.1808406647116323       1.78437214627893579E-003
  -1.1652003910068425       1.55508569265446210E-003
  -1.1495601173020527       1.35348831142356090E-003
  -1.1339198435972628       1.17647228019171577E-003
  -1.1182795698924730       1.02124848838378089E-003
  -1.1026392961876832       8.85317476749551886E-004
  -1.0869990224828934       7.66442672097751142E-004
  -1.0713587487781036       6.62625701128689306E-004
  -1.0557184750733137       5.72083667455379084E-004
  -1.0400782013685239       4.93228276997517549E-004
  -1.0244379276637341       4.24646698784575437E-004
  -1.0087976539589443       3.65084050702713461E-004
 -0.99315738025415445       3.13427402762141041E-004
 -0.97751710654936463       2.68691193951575821E-004
 -0.96187683284457481       2.30003962596878753E-004
 -0.94623655913978499       1.96596294271763207E-004
 -0.93059628543499517       1.67789895647322206E-004
 -0.91495601173020535       1.42987707148787896E-004
 -0.89931573802541553       1.21664971854599691E-004
 -0.88367546432062571       1.03361182673186123E-004
 -0.86803519061583589       8.76728344221805044E-005
 -0.85239491691104607       7.42469119743908686E-005
 -0.83675464320625625       6.27750500916936997E-005
 -0.82111436950146643       5.29883049144012788E-005
 -0.80547409579667661       4.46524812866197282E-005
 -0.78983382209188679       3.75639641592275401E-005
 -0.77419354838709697       3.15460062068894192E-005
 -0.75855327468230715       2.64454275131632625E-005
 -0.74291300097751733       2.21296867106508825E-005
 -0.72727272727272751       1.84842863065737296E-005
 -0.71163245356793770       1.54104780758847203E-005
 -0.69599217986314788       1.28232373640371601E-005
 -0.68035190615835806       1.06494779116364371E-005
 -0.66471163245356824       8.82648139682524638E-006
 -0.64907135874877842       7.30051829311949348E-006
 -0.63343108504398860       6.02563886632882806E-006
 -0.61779081133919878       4.96261519082158890E-006
 -0.60215053763440896       4.07801696004915615E-006
 -0.58651026392961914       3.34340560672839693E-006
 -0.57086999022482932       2.73463284252534800E-006
 -0.55522971652003950       2.23123118380586763E-006
 -0.53958944281524968       1.81588535741599226E-006
 -0.52394916911045986       1.47397468689072573E-006
 -0.50830889540567004       1.19317765322021184E-006
