-0.8000000E+01  0.2053652E-10
-0.7984360E+01  0.1923022E-11
-0.7968719E+01  0.2264957E-10
-0.7953079E+01  0.9260291E-11
-0.7937439E+01  0.8451815E-11
-0.7921799E+01  0.1855385E-10
-0.7906158E+01  0.1054189E-11
-0.7890518E+01  0.1815727E-10
-0.7874878E+01  0.8426937E-11
-0.7859238E+01  0.5262192E-11
-0.7843597E+01  0.1580607E-10
-0.7827957E+01  0.6838261E-12
-0.7812317E+01  0.1748307E-10
-0.7796676E+01  0.6607493E-11
-0.7781036E+01  0.3890416E-11
-0.7765396E+01  0.1545162E-10
-0.7749756E+01  0.7136377E-12
-0.7734115E+01  0.1510545E-10
-0.7718475E+01  0.6535415E-11
-0.7702835E+01  0.3117819E-11
-0.7687195E+01  0.1492956E-10
-0.7671554E+01  0.3870096E-12
-0.7655914E+01  0.1367732E-10
-0.7640274E+01  0.5445375E-11
-0.7624633E+01  0.2673613E-11
-0.7608993E+01  0.1464510E-10
-0.7593353E+01  0.2202046E-12
-0.7577713E+01  0.1469034E-10
-0.7562072E+01  0.4171853E-11
-0.7546432E+01  0.3538558E-11
-0.7530792E+01  0.1551565E-10
-0.7515152E+01  0.1262111E-13
-0.7499511E+01  0.1397753E-10
-0.7483871E+01  0.5208885E-11
-0.7468231E+01  0.5110620E-11
-0.7452590E+01  0.1792385E-10
-0.7436950E+01  0.2330213E-12
-0.7421310E+01  0.1798489E-10
-0.7405670E+01  0.6127669E-11
-0.7390029E+01  0.7269815E-11
-0.7374389E+01  0.2098403E-10
-0.7358749E+01  0.1031537E-11
-0.7343109E+01  0.2062453E-10
-0.7327468E+01  0.8054828E-11
-0.7311828E+01  0.9213402E-11
-0.7296188E+01  0.2479212E-10
-0.7280547E+01  0.2206172E-11
-0.7264907E+01  0.2148416E-10
-0.7249267E+01  0.1106028E-10
-0.7233627E+01  0.1209792E-10
-0.7217986E+01  0.2559967E-10
-0.7202346E+01  0.2828564E-11
-0.7186706E+01  0.2519692E-10
-0.7171065E+01  0.1127497E-10
-0.7155425E+01  0.1370149E-10
-0.7139785E+01  0.2703650E-10
-0.7124145E+01  0.4828013E-11
-0.7108504E+01  0.2653794E-10
-0.7092864E+01  0.1425318E-10
-0.7077224E+01  0.1537228E-10
-0.7061584E+01  0.2916369E-10
-0.7045943E+01  0.4711107E-11
-0.7030303E+01  0.2628162E-10
-0.7014663E+01  0.1436560E-10
-0.6999022E+01  0.1627124E-10
-0.6983382E+01  0.2575252E-10
-0.6967742E+01  0.4297540E-11
-0.6952102E+01  0.2672063E-10
-0.6936461E+01  0.1134206E-10
-0.6920821E+01  0.1379258E-10
-0.6905181E+01  0.2106102E-10
-0.6889541E+01  0.2950024E-11
-0.6873900E+01  0.2052141E-10
-0.6858260E+01  0.7308053E-11
-0.6842620E+01  0.1238893E-10
-0.6826979E+01  0.1341081E-10
-0.6811339E+01  0.8468837E-12
-0.6795699E+01  0.1621206E-10
-0.6780059E+01  0.1859353E-11
-0.6764418E+01  0.1277044E-10
-0.6748778E+01  0.5035570E-11
-0.6733138E+01  0.2793174E-11
-0.6717498E+01  0.1650571E-10
-0.6701857E+01  0.7505454E-12
-0.6686217E+01  0.1857922E-10
-0.6670577E+01  0.3048471E-11
-0.6654936E+01  0.1638894E-10
-0.6639296E+01  0.2075568E-10
-0.6623656E+01  0.1057253E-10
-0.6608016E+01  0.3947643E-10
-0.6592375E+01  0.1455999E-10
-0.6576735E+01  0.4736834E-10
-0.6561095E+01  0.4442492E-10
-0.6545455E+01  0.4181892E-10
-0.6529814E+01  0.8444308E-10
-0.6514174E+01  0.4721249E-10
-0.6498534E+01  0.1060594E-09
-0.6482893E+01  0.9805926E-10
-0.6467253E+01  0.1086556E-09
-0.6451613E+01  0.1676967E-09
-0.6435973E+01  0.1156650E-09
-0.6420332E+01  0.2205348E-09
-0.6404692E+01  0.1889822E-09
-0.6389052E+01  0.2184687E-09
-0.6373412E+01  0.3000628E-09
-0.6357771E+01  0.2356522E-09
-0.6342131E+01  0.3841940E-09
-0.6326491E+01  0.3294210E-09
-0.6310850E+01  0.3924576E-09
-0.6295210E+01  0.5026711E-09
-0.6279570E+01  0.4080858E-09
-0.6263930E+01  0.6237683E-09
-0.6248289E+01  0.5602993E-09
-0.6232649E+01  0.6585891E-09
-0.6217009E+01  0.8032632E-09
-0.6201369E+01  0.6959400E-09
-0.6185728E+01  0.1027927E-08
-0.6170088E+01  0.9113166E-09
-0.6154448E+01  0.1082888E-08
-0.6138807E+01  0.1295489E-08
-0.6123167E+01  0.1192558E-08
-0.6107527E+01  0.1610574E-08
-0.6091887E+01  0.1516054E-08
-0.6076246E+01  0.1790325E-08
-0.6060606E+01  0.2087243E-08
-0.6044966E+01  0.1964234E-08
-0.6029326E+01  0.2608564E-08
-0.6013685E+01  0.2512811E-08
-0.5998045E+01  0.2921083E-08
-0.5982405E+01  0.3327940E-08
-0.5966764E+01  0.3340070E-08
-0.5951124E+01  0.4181262E-08
-0.5935484E+01  0.4140703E-08
-0.5919844E+01  0.4831979E-08
-0.5904203E+01  0.5460301E-08
-0.5888563E+01  0.5609837E-08
-0.5872923E+01  0.6776969E-08
-0.5857283E+01  0.6964801E-08
-0.5841642E+01  0.8045535E-08
-0.5826002E+01  0.8910428E-08
-0.5810362E+01  0.9451296E-08
-0.5794721E+01  0.1116537E-07
-0.5779081E+01  0.1162034E-07
-0.5763441E+01  0.1335178E-07
-0.5747801E+01  0.1467626E-07
-0.5732160E+01  0.1589742E-07
-0.5716520E+01  0.1827032E-07
-0.5700880E+01  0.1930772E-07
-0.5685239E+01  0.2208593E-07
-0.5669599E+01  0.2405869E-07
-0.5653959E+01  0.2631466E-07
-0.5638319E+01  0.2982083E-07
-0.5622678E+01  0.3176851E-07
-0.5607038E+01  0.3611084E-07
-0.5591398E+01  0.3914104E-07
-0.5575758E+01  0.4303113E-07
-0.5560117E+01  0.4822334E-07
-0.5544477E+01  0.5160275E-07
-0.5528837E+01  0.5835349E-07
-0.5513196E+01  0.6294240E-07
-0.5497556E+01  0.6942431E-07
-0.5481916E+01  0.7719982E-07
-0.5466276E+01  0.8286869E-07
-0.5450635E+01  0.9319789E-07
-0.5434995E+01  0.1005168E-06
-0.5419355E+01  0.1108807E-06
-0.5403715E+01  0.1225135E-06
-0.5388074E+01  0.1319790E-06
-0.5372434E+01  0.1477662E-06
-0.5356794E+01  0.1593469E-06
-0.5341153E+01  0.1755365E-06
-0.5325513E+01  0.1936488E-06
-0.5309873E+01  0.2089589E-06
-0.5294233E+01  0.2329063E-06
-0.5278592E+01  0.2513781E-06
-0.5262952E+01  0.2770917E-06
-0.5247312E+01  0.3043099E-06
-0.5231672E+01  0.3292812E-06
-0.5216031E+01  0.3653653E-06
-0.5200391E+01  0.3954439E-06
-0.5184751E+01  0.4341916E-06
-0.5169110E+01  0.4762969E-06
-0.5153470E+01  0.5160770E-06
-0.5137830E+01  0.5704334E-06
-0.5122190E+01  0.6172048E-06
-0.5106549E+01  0.6773026E-06
-0.5090909E+01  0.7409612E-06
-0.5075269E+01  0.8037759E-06
-0.5059629E+01  0.8843837E-06
-0.5043988E+01  0.9586986E-06
-0.5028348E+01  0.1049651E-05
-0.5012708E+01  0.1145665E-05
-0.4997067E+01  0.1243991E-05
-0.4981427E+01  0.1364587E-05
-0.4965787E+01  0.1479177E-05
-0.4950147E+01  0.1616606E-05
-0.4934506E+01  0.1761384E-05
-0.4918866E+01  0.1913196E-05
-0.4903226E+01  0.2091570E-05
-0.4887586E+01  0.2267136E-05
-0.4871945E+01  0.2474427E-05
-0.4856305E+01  0.2689562E-05
-0.4840665E+01  0.2920836E-05
-0.4825024E+01  0.3185215E-05
-0.4809384E+01  0.3450991E-05
-0.4793744E+01  0.3760030E-05
-0.4778104E+01  0.4080137E-05
-0.4762463E+01  0.4430103E-05
-0.4746823E+01  0.4819745E-05
-0.4731183E+01  0.5218085E-05
-0.4715543E+01  0.5677992E-05
-0.4699902E+01  0.6152171E-05
-0.4684262E+01  0.6673512E-05
-0.4668622E+01  0.7247984E-05
-0.4652981E+01  0.7840292E-05
-0.4637341E+01  0.8519108E-05
-0.4621701E+01  0.9215961E-05
-0.4606061E+01  0.9989069E-05
-0.4590420E+01  0.1082960E-04
-0.4574780E+01  0.1170437E-04
-0.4559140E+01  0.1269791E-04
-0.4543500E+01  0.1372182E-04
-0.4527859E+01  0.1485360E-04
-0.4512219E+01  0.1608066E-04
-0.4496579E+01  0.1736203E-04
-0.4480938E+01  0.1880722E-04
-0.4465298E+01  0.2029871E-04
-0.4449658E+01  0.2194702E-04
-0.4434018E+01  0.2372348E-04
-0.4418377E+01  0.2558477E-04
-0.4402737E+01  0.2767048E-04
-0.4387097E+01  0.2983051E-04
-0.4371457E+01  0.3220578E-04
-0.4355816E+01  0.3475848E-04
-0.4340176E+01  0.3744908E-04
-0.4324536E+01  0.4043309E-04
-0.4308895E+01  0.4353919E-04
-0.4293255E+01  0.4694076E-04
-0.4277615E+01  0.5059331E-04
-0.4261975E+01  0.5444445E-04
-0.4246334E+01  0.5869180E-04
-0.4230694E+01  0.6313013E-04
-0.4215054E+01  0.6797362E-04
-0.4199413E+01  0.7315126E-04
-0.4183773E+01  0.7864021E-04
-0.4168133E+01  0.8464434E-04
-0.4152493E+01  0.9094348E-04
-0.4136852E+01  0.9778686E-04
-0.4121212E+01  0.1050954E-03
-0.4105572E+01  0.1128605E-03
-0.4089932E+01  0.1212970E-03
-0.4074291E+01  0.1301782E-03
-0.4058651E+01  0.1398027E-03
-0.4043011E+01  0.1500501E-03
-0.4027370E+01  0.1609606E-03
-0.4011730E+01  0.1727551E-03
-0.3996090E+01  0.1851965E-03
-0.3980450E+01  0.1986402E-03
-0.3964809E+01  0.2129198E-03
-0.3949169E+01  0.2281603E-03
-0.3933529E+01  0.2445453E-03
-0.3917889E+01  0.2618599E-03
-0.3902248E+01  0.2805275E-03
-0.3886608E+01  0.3003170E-03
-0.3870968E+01  0.3214504E-03
-0.3855327E+01  0.3440917E-03
-0.3839687E+01  0.3680321E-03
-0.3824047E+01  0.3937894E-03
-0.3808407E+01  0.4210478E-03
-0.3792766E+01  0.4501634E-03
-0.3777126E+01  0.4812554E-03
-0.3761486E+01  0.5141347E-03
-0.3745846E+01  0.5494571E-03
-0.3730205E+01  0.5867545E-03
-0.3714565E+01  0.6265918E-03
-0.3698925E+01  0.6690249E-03
-0.3683284E+01  0.7138974E-03
-0.3667644E+01  0.7619689E-03
-0.3652004E+01  0.8127058E-03
-0.3636364E+01  0.8668303E-03
-0.3620723E+01  0.9243714E-03
-0.3605083E+01  0.9851548E-03
-0.3589443E+01  0.1050193E-02
-0.3573803E+01  0.1118746E-02
-0.3558162E+01  0.1191772E-02
-0.3542522E+01  0.1269268E-02
-0.3526882E+01  0.1351116E-02
-0.3511241E+01  0.1438469E-02
-0.3495601E+01  0.1530464E-02
-0.3479961E+01  0.1628338E-02
-0.3464321E+01  0.1732039E-02
-0.3448680E+01  0.1841461E-02
-0.3433040E+01  0.1957974E-02
-0.3417400E+01  0.2080663E-02
-0.3401760E+01  0.2210920E-02
-0.3386119E+01  0.2348722E-02
-0.3370479E+01  0.2494020E-02
-0.3354839E+01  0.2648444E-02
-0.3339198E+01  0.2810875E-02
-0.3323558E+01  0.2983066E-02
-0.3307918E+01  0.3164935E-02
-0.3292278E+01  0.3356621E-02
-0.3276637E+01  0.3559770E-02
-0.3260997E+01  0.3773413E-02
-0.3245357E+01  0.3999483E-02
-0.3229717E+01  0.4237895E-02
-0.3214076E+01  0.4488925E-02
-0.3198436E+01  0.4754469E-02
-0.3182796E+01  0.5033487E-02
-0.3167155E+01  0.5328252E-02
-0.3151515E+01  0.5638567E-02
-0.3135875E+01  0.5965140E-02
-0.3120235E+01  0.6309803E-02
-0.3104594E+01  0.6671661E-02
-0.3088954E+01  0.7053372E-02
-0.3073314E+01  0.7454565E-02
-0.3057674E+01  0.7876429E-02
-0.3042033E+01  0.8320774E-02
-0.3026393E+01  0.8786871E-02
-0.3010753E+01  0.9277824E-02
-0.2995112E+01  0.9792986E-02
-0.2979472E+01  0.1033423E-01
-0.2963832E+01  0.1090326E-01
-0.2948192E+01  0.1149955E-01
-0.2932551E+01  0.1212673E-01
-0.2916911E+01  0.1278385E-01
-0.2901271E+01  0.1347351E-01
-0.2885630E+01  0.1419742E-01
-0.2869990E+01  0.1495507E-01
-0.2854350E+01  0.1575097E-01
-0.2838710E+01  0.1658355E-01
-0.2823069E+01  0.1745653E-01
-0.2807429E+01  0.1837127E-01
-0.2791789E+01  0.1932767E-01
-0.2776149E+01  0.2033085E-01
-0.2760508E+01  0.2137898E-01
-0.2744868E+01  0.2247643E-01
-0.2729228E+01  0.2362483E-01
-0.2713587E+01  0.2482403E-01
-0.2697947E+01  0.2608023E-01
-0.2682307E+01  0.2739075E-01
-0.2666667E+01  0.2876143E-01
-0.2651026E+01  0.3019361E-01
-0.2635386E+01  0.3168734E-01
-0.2619746E+01  0.3324963E-01
-0.2604106E+01  0.3487770E-01
-0.2588465E+01  0.3657810E-01
-0.2572825E+01  0.3835217E-01
-0.2557185E+01  0.4020037E-01
-0.2541544E+01  0.4213060E-01
-0.2525904E+01  0.4413949E-01
-0.2510264E+01  0.4623466E-01
-0.2494624E+01  0.4841769E-01
-0.2478983E+01  0.5068908E-01
-0.2463343E+01  0.5305758E-01
-0.2447703E+01  0.5551955E-01
-0.2432063E+01  0.5808383E-01
-0.2416422E+01  0.6075153E-01
-0.2400782E+01  0.6352400E-01
-0.2385142E+01  0.6641030E-01
-0.2369501E+01  0.6940703E-01
-0.2353861E+01  0.7252356E-01
-0.2338221E+01  0.7576119E-01
-0.2322581E+01  0.7912183E-01
-0.2306940E+01  0.8261495E-01
-0.2291300E+01  0.8623700E-01
-0.2275660E+01  0.8999863E-01
-0.2260020E+01  0.9390047E-01
-0.2244379E+01  0.9794562E-01
-0.2228739E+01  0.1021433E+00
-0.2213099E+01  0.1064905E+00
-0.2197458E+01  0.1109987E+00
-0.2181818E+01  0.1156677E+00
-0.2166178E+01  0.1205023E+00
-0.2150538E+01  0.1255112E+00
-0.2134897E+01  0.1306916E+00
-0.2119257E+01  0.1360561E+00
-0.2103617E+01  0.1416035E+00
-0.2087977E+01  0.1473403E+00
-0.2072336E+01  0.1532745E+00
-0.2056696E+01  0.1594036E+00
-0.2041056E+01  0.1657416E+00
-0.2025415E+01  0.1722856E+00
-0.2009775E+01  0.1790444E+00
-0.1994135E+01  0.1860248E+00
-0.1978495E+01  0.1932244E+00
-0.1962854E+01  0.2006591E+00
-0.1947214E+01  0.2083237E+00
-0.1931574E+01  0.2162292E+00
-0.1915934E+01  0.2243815E+00
-0.1900293E+01  0.2327783E+00
-0.1884653E+01  0.2414367E+00
-0.1869013E+01  0.2503497E+00
-0.1853372E+01  0.2595300E+00
-0.1837732E+01  0.2689834E+00
-0.1822092E+01  0.2787060E+00
-0.1806452E+01  0.2887175E+00
-0.1790811E+01  0.2990079E+00
-0.1775171E+01  0.3095927E+00
-0.1759531E+01  0.3204754E+00
-0.1743891E+01  0.3316527E+00
-0.1728250E+01  0.3431450E+00
-0.1712610E+01  0.3549407E+00
-0.1696970E+01  0.3670559E+00
-0.1681329E+01  0.3794939E+00
-0.1665689E+01  0.3922503E+00
-0.1650049E+01  0.4053465E+00
-0.1634409E+01  0.4187689E+00
-0.1618768E+01  0.4325345E+00
-0.1603128E+01  0.4466459E+00
-0.1587488E+01  0.4610975E+00
-0.1571848E+01  0.4759116E+00
-0.1556207E+01  0.4910721E+00
-0.1540567E+01  0.5065976E+00
-0.1524927E+01  0.5224879E+00
-0.1509286E+01  0.5387382E+00
-0.1493646E+01  0.5553692E+00
-0.1478006E+01  0.5723646E+00
-0.1462366E+01  0.5897419E+00
-0.1446725E+01  0.6075003E+00
-0.1431085E+01  0.6256335E+00
-0.1415445E+01  0.6441626E+00
-0.1399804E+01  0.6630680E+00
-0.1384164E+01  0.6823690E+00
-0.1368524E+01  0.7020607E+00
-0.1352884E+01  0.7221387E+00
-0.1337243E+01  0.7426205E+00
-0.1321603E+01  0.7634866E+00
-0.1305963E+01  0.7847554E+00
-0.1290323E+01  0.8064190E+00
-0.1274682E+01  0.8284736E+00
-0.1259042E+01  0.8509343E+00
-0.1243402E+01  0.8737801E+00
-0.1227761E+01  0.8970291E+00
-0.1212121E+01  0.9206695E+00
-0.1196481E+01  0.9446995E+00
-0.1180841E+01  0.9691299E+00
-0.1165200E+01  0.9939378E+00
-0.1149560E+01  0.1019143E+01
-0.1133920E+01  0.1044728E+01
-0.1118280E+01  0.1070693E+01
-0.1102639E+01  0.1097043E+01
-0.1086999E+01  0.1123757E+01
-0.1071359E+01  0.1150854E+01
-0.1055718E+01  0.1178308E+01
-0.1040078E+01  0.1206125E+01
-0.1024438E+01  0.1234305E+01
-0.1008798E+01  0.1262823E+01
-0.9931574E+00  0.1291700E+01
-0.9775171E+00  0.1320906E+01
-0.9618768E+00  0.1350446E+01
-0.9462366E+00  0.1380317E+01
-0.9305963E+00  0.1410492E+01
-0.9149560E+00  0.1440994E+01
-0.8993157E+00  0.1471784E+01
-0.8836755E+00  0.1502870E+01
-0.8680352E+00  0.1534248E+01
-0.8523949E+00  0.1565885E+01
-0.8367546E+00  0.1597805E+01
-0.8211144E+00  0.1629966E+01
-0.8054741E+00  0.1662375E+01
-0.7898338E+00  0.1695026E+01
-0.7741935E+00  0.1727881E+01
-0.7585533E+00  0.1760967E+01
-0.7429130E+00  0.1794236E+01
-0.7272727E+00  0.1827697E+01
-0.7116325E+00  0.1861337E+01
-0.6959922E+00  0.1895122E+01
-0.6803519E+00  0.1929074E+01
-0.6647116E+00  0.1963142E+01
-0.6490714E+00  0.1997336E+01
-0.6334311E+00  0.2031641E+01
-0.6177908E+00  0.2066018E+01
-0.6021505E+00  0.2100492E+01
-0.5865103E+00  0.2135007E+01
-0.5708700E+00  0.2169574E+01
-0.5552297E+00  0.2204173E+01
-0.5395894E+00  0.2238767E+01
-0.5239492E+00  0.2273378E+01
-0.5083089E+00  0.2307948E+01
-0.4926686E+00  0.2342487E+01
-0.4770283E+00  0.2376973E+01
-0.4613881E+00  0.2411371E+01
-0.4457478E+00  0.2445698E+01
-0.4301075E+00  0.2479896E+01
-0.4144673E+00  0.2513976E+01
-0.3988270E+00  0.2547912E+01
-0.3831867E+00  0.2581669E+01
-0.3675464E+00  0.2615263E+01
-0.3519062E+00  0.2648635E+01
-0.3362659E+00  0.2681798E+01
-0.3206256E+00  0.2714721E+01
-0.3049853E+00  0.2747374E+01
-0.2893451E+00  0.2779767E+01
-0.2737048E+00  0.2811842E+01
-0.2580645E+00  0.2843616E+01
-0.2424242E+00  0.2875051E+01
-0.2267840E+00  0.2906122E+01
-0.2111437E+00  0.2936837E+01
-0.1955034E+00  0.2967140E+01
-0.1798631E+00  0.2997046E+01
-0.1642229E+00  0.3026516E+01
-0.1485826E+00  0.3055530E+01
-0.1329423E+00  0.3084094E+01
-0.1173021E+00  0.3112150E+01
-0.1016618E+00  0.3139720E+01
-0.8602151E-01  0.3166760E+01
-0.7038123E-01  0.3193256E+01
-0.5474096E-01  0.3219210E+01
-0.3910068E-01  0.3244568E+01
-0.2346041E-01  0.3269356E+01
-0.7820137E-02  0.3293523E+01
 0.7820137E-02  0.3317065E+01
 0.2346041E-01  0.3339983E+01
 0.3910068E-01  0.3362221E+01
 0.5474096E-01  0.3383813E+01
 0.7038123E-01  0.3404706E+01
 0.8602151E-01  0.3424899E+01
 0.1016618E+00  0.3444394E+01
 0.1173021E+00  0.3463137E+01
 0.1329423E+00  0.3481168E+01
 0.1485826E+00  0.3498428E+01
 0.1642229E+00  0.3514927E+01
 0.1798631E+00  0.3530666E+01
 0.1955034E+00  0.3545591E+01
 0.2111437E+00  0.3559748E+01
 0.2267840E+00  0.3573080E+01
 0.2424242E+00  0.3585598E+01
 0.2580645E+00  0.3597307E+01
 0.2737048E+00  0.3608155E+01
 0.2893451E+00  0.3618192E+01
 0.3049853E+00  0.3627362E+01
 0.3206256E+00  0.3635680E+01
 0.3362659E+00  0.3643153E+01
 0.3519062E+00  0.3649733E+01
 0.3675464E+00  0.3655473E+01
 0.3831867E+00  0.3660318E+01
 0.3988270E+00  0.3664289E+01
 0.4144673E+00  0.3667394E+01
 0.4301075E+00  0.3669590E+01
 0.4457478E+00  0.3670929E+01
 0.4613881E+00  0.3671364E+01
 0.4770283E+00  0.3670917E+01
 0.4926686E+00  0.3669597E+01
 0.5083089E+00  0.3667368E+01
 0.5239492E+00  0.3664283E+01
 0.5395894E+00  0.3660297E+01
 0.5552297E+00  0.3655439E+01
 0.5708700E+00  0.3649715E+01
 0.5865103E+00  0.3643099E+01
 0.6021505E+00  0.3635642E+01
 0.6177908E+00  0.3627304E+01
 0.6334311E+00  0.3618118E+01
 0.6490714E+00  0.3608090E+01
 0.6647116E+00  0.3597201E+01
 0.6803519E+00  0.3585502E+01
 0.6959922E+00  0.3572957E+01
 0.7116325E+00  0.3559603E+01
 0.7272727E+00  0.3545446E+01
 0.7429130E+00  0.3530474E+01
 0.7585533E+00  0.3514737E+01
 0.7741935E+00  0.3498201E+01
 0.7898338E+00  0.3480912E+01
 0.8054741E+00  0.3462870E+01
 0.8211144E+00  0.3444074E+01
 0.8367546E+00  0.3424570E+01
 0.8523949E+00  0.3404329E+01
 0.8680352E+00  0.3383401E+01
 0.8836755E+00  0.3361785E+01
 0.8993157E+00  0.3339485E+01
 0.9149560E+00  0.3316548E+01
 0.9305963E+00  0.3292946E+01
 0.9462366E+00  0.3268736E+01
 0.9618768E+00  0.3243909E+01
 0.9775171E+00  0.3218480E+01
 0.9931574E+00  0.3192496E+01
 0.1008798E+01  0.3165927E+01
 0.1024438E+01  0.3138835E+01
 0.1040078E+01  0.3111211E+01
 0.1055718E+01  0.3083075E+01
 0.1071359E+01  0.3054468E+01
 0.1086999E+01  0.3025366E+01
 0.1102639E+01  0.2995834E+01
 0.1118280E+01  0.2965859E+01
 0.1133920E+01  0.2935463E+01
 0.1149560E+01  0.2904692E+01
 0.1165200E+01  0.2873519E+01
 0.1180841E+01  0.2842011E+01
 0.1196481E+01  0.2810153E+01
 0.1212121E+01  0.2777972E+01
 0.1227761E+01  0.2745510E+01
 0.1243402E+01  0.2712741E+01
 0.1259042E+01  0.2679734E+01
 0.1274682E+01  0.2646473E+01
 0.1290323E+01  0.2612985E+01
 0.1305963E+01  0.2579310E+01
 0.1321603E+01  0.2545424E+01
 0.1337243E+01  0.2511395E+01
 0.1352884E+01  0.2477207E+01
 0.1368524E+01  0.2442883E+01
 0.1384164E+01  0.2408469E+01
 0.1399804E+01  0.2373936E+01
 0.1415445E+01  0.2339349E+01
 0.1431085E+01  0.2304694E+01
 0.1446725E+01  0.2269997E+01
 0.1462366E+01  0.2235293E+01
 0.1478006E+01  0.2200561E+01
 0.1493646E+01  0.2165861E+01
 0.1509286E+01  0.2131179E+01
 0.1524927E+01  0.2096537E+01
 0.1540567E+01  0.2061970E+01
 0.1556207E+01  0.2027459E+01
 0.1571848E+01  0.1993058E+01
 0.1587488E+01  0.1958752E+01
 0.1603128E+01  0.1924565E+01
 0.1618768E+01  0.1890526E+01
 0.1634409E+01  0.1856617E+01
 0.1650049E+01  0.1822888E+01
 0.1665689E+01  0.1789325E+01
 0.1681329E+01  0.1755951E+01
 0.1696970E+01  0.1722786E+01
 0.1712610E+01  0.1689820E+01
 0.1728250E+01  0.1657095E+01
 0.1743891E+01  0.1624595E+01
 0.1759531E+01  0.1592345E+01
 0.1775171E+01  0.1560359E+01
 0.1790811E+01  0.1528629E+01
 0.1806452E+01  0.1497191E+01
 0.1822092E+01  0.1466029E+01
 0.1837732E+01  0.1435167E+01
 0.1853372E+01  0.1404614E+01
 0.1869013E+01  0.1374364E+01
 0.1884653E+01  0.1344448E+01
 0.1900293E+01  0.1314849E+01
 0.1915934E+01  0.1285591E+01
 0.1931574E+01  0.1256677E+01
 0.1947214E+01  0.1228102E+01
 0.1962854E+01  0.1199894E+01
 0.1978495E+01  0.1172034E+01
 0.1994135E+01  0.1144545E+01
 0.2009775E+01  0.1117426E+01
 0.2025415E+01  0.1090672E+01
 0.2041056E+01  0.1064311E+01
 0.2056696E+01  0.1038316E+01
 0.2072336E+01  0.1012715E+01
 0.2087977E+01  0.9875016E+00
 0.2103617E+01  0.9626703E+00
 0.2119257E+01  0.9382442E+00
 0.2134897E+01  0.9141994E+00
 0.2150538E+01  0.8905595E+00
 0.2166178E+01  0.8673159E+00
 0.2181818E+01  0.8444625E+00
 0.2197458E+01  0.8220214E+00
 0.2213099E+01  0.7999659E+00
 0.2228739E+01  0.7783180E+00
 0.2244379E+01  0.7570681E+00
 0.2260020E+01  0.7362098E+00
 0.2275660E+01  0.7157613E+00
 0.2291300E+01  0.6956957E+00
 0.2306940E+01  0.6760346E+00
 0.2322581E+01  0.6567656E+00
 0.2338221E+01  0.6378816E+00
 0.2353861E+01  0.6193986E+00
 0.2369501E+01  0.6012913E+00
 0.2385142E+01  0.5835766E+00
 0.2400782E+01  0.5662428E+00
 0.2416422E+01  0.5492821E+00
 0.2432063E+01  0.5327086E+00
 0.2447703E+01  0.5164963E+00
 0.2463343E+01  0.5006608E+00
 0.2478983E+01  0.4851901E+00
 0.2494624E+01  0.4700761E+00
 0.2510264E+01  0.4553292E+00
 0.2525904E+01  0.4409266E+00
 0.2541544E+01  0.4268805E+00
 0.2557185E+01  0.4131786E+00
 0.2572825E+01  0.3998130E+00
 0.2588465E+01  0.3867924E+00
 0.2604106E+01  0.3740948E+00
 0.2619746E+01  0.3617301E+00
 0.2635386E+01  0.3496867E+00
 0.2651026E+01  0.3379569E+00
 0.2666667E+01  0.3265465E+00
 0.2682307E+01  0.3154359E+00
 0.2697947E+01  0.3046333E+00
 0.2713587E+01  0.2941261E+00
 0.2729228E+01  0.2839084E+00
 0.2744868E+01  0.2739833E+00
 0.2760508E+01  0.2643335E+00
 0.2776149E+01  0.2549649E+00
 0.2791789E+01  0.2458658E+00
 0.2807429E+01  0.2370308E+00
 0.2823069E+01  0.2284610E+00
 0.2838710E+01  0.2201408E+00
 0.2854350E+01  0.2120757E+00
 0.2869990E+01  0.2042531E+00
 0.2885630E+01  0.1966692E+00
 0.2901271E+01  0.1893233E+00
 0.2916911E+01  0.1822018E+00
 0.2932551E+01  0.1753087E+00
 0.2948192E+01  0.1686320E+00
 0.2963832E+01  0.1621691E+00
 0.2979472E+01  0.1559176E+00
 0.2995112E+01  0.1498655E+00
 0.3010753E+01  0.1440167E+00
 0.3026393E+01  0.1383589E+00
 0.3042033E+01  0.1328904E+00
 0.3057674E+01  0.1276084E+00
 0.3073314E+01  0.1225019E+00
 0.3088954E+01  0.1175745E+00
 0.3104594E+01  0.1128140E+00
 0.3120235E+01  0.1082199E+00
 0.3135875E+01  0.1037889E+00
 0.3151515E+01  0.9951052E-01
 0.3167155E+01  0.9538880E-01
 0.3182796E+01  0.9141192E-01
 0.3198436E+01  0.8757968E-01
 0.3214076E+01  0.8388862E-01
 0.3229717E+01  0.8032958E-01
 0.3245357E+01  0.7690620E-01
 0.3260997E+01  0.7360725E-01
 0.3276637E+01  0.7043284E-01
 0.3292278E+01  0.6738015E-01
 0.3307918E+01  0.6444015E-01
 0.3323558E+01  0.6161667E-01
 0.3339198E+01  0.5889929E-01
 0.3354839E+01  0.5628852E-01
 0.3370479E+01  0.5378115E-01
 0.3386119E+01  0.5136966E-01
 0.3401760E+01  0.4905728E-01
 0.3417400E+01  0.4683482E-01
 0.3433040E+01  0.4470227E-01
 0.3448680E+01  0.4265752E-01
 0.3464321E+01  0.4069331E-01
 0.3479961E+01  0.3881279E-01
 0.3495601E+01  0.3700755E-01
 0.3511241E+01  0.3527809E-01
 0.3526882E+01  0.3362207E-01
 0.3542522E+01  0.3203335E-01
 0.3558162E+01  0.3051461E-01
 0.3573803E+01  0.2905874E-01
 0.3589443E+01  0.2766580E-01
 0.3605083E+01  0.2633396E-01
 0.3620723E+01  0.2505797E-01
 0.3636364E+01  0.2384002E-01
 0.3652004E+01  0.2267391E-01
 0.3667644E+01  0.2155986E-01
 0.3683284E+01  0.2049624E-01
 0.3698925E+01  0.1947848E-01
 0.3714565E+01  0.1850845E-01
 0.3730205E+01  0.1758097E-01
 0.3745846E+01  0.1669620E-01
 0.3761486E+01  0.1585252E-01
 0.3777126E+01  0.1504637E-01
 0.3792766E+01  0.1427918E-01
 0.3808407E+01  0.1354653E-01
 0.3824047E+01  0.1284862E-01
 0.3839687E+01  0.1218407E-01
 0.3855327E+01  0.1154993E-01
 0.3870968E+01  0.1094729E-01
 0.3886608E+01  0.1037247E-01
 0.3902248E+01  0.9825822E-02
 0.3917889E+01  0.9305889E-02
 0.3933529E+01  0.8810414E-02
 0.3949169E+01  0.8340307E-02
 0.3964809E+01  0.7892391E-02
 0.3980450E+01  0.7467098E-02
 0.3996090E+01  0.7063058E-02
 0.4011730E+01  0.6678624E-02
 0.4027370E+01  0.6314366E-02
 0.4043011E+01  0.5967662E-02
 0.4058651E+01  0.5639060E-02
 0.4074291E+01  0.5327232E-02
 0.4089932E+01  0.5030871E-02
 0.4105572E+01  0.4750581E-02
 0.4121212E+01  0.4484015E-02
 0.4136852E+01  0.4231836E-02
 0.4152493E+01  0.3992750E-02
 0.4168133E+01  0.3765871E-02
 0.4183773E+01  0.3551648E-02
 0.4199413E+01  0.3348047E-02
 0.4215054E+01  0.3155825E-02
 0.4230694E+01  0.2973782E-02
 0.4246334E+01  0.2801233E-02
 0.4261975E+01  0.2638602E-02
 0.4277615E+01  0.2484155E-02
 0.4293255E+01  0.2338621E-02
 0.4308895E+01  0.2200930E-02
 0.4324536E+01  0.2070558E-02
 0.4340176E+01  0.1947973E-02
 0.4355816E+01  0.1831560E-02
 0.4371457E+01  0.1722122E-02
 0.4387097E+01  0.1618682E-02
 0.4402737E+01  0.1520863E-02
 0.4418377E+01  0.1429049E-02
 0.4434018E+01  0.1341917E-02
 0.4449658E+01  0.1260168E-02
 0.4465298E+01  0.1182996E-02
 0.4480938E+01  0.1110057E-02
 0.4496579E+01  0.1041789E-02
 0.4512219E+01  0.9769926E-03
 0.4527859E+01  0.9163295E-03
 0.4543500E+01  0.8591348E-03
 0.4559140E+01  0.8051192E-03
 0.4574780E+01  0.7546771E-03
 0.4590420E+01  0.7068050E-03
 0.4606061E+01  0.6621001E-03
 0.4621701E+01  0.6199854E-03
 0.4637341E+01  0.5802451E-03
 0.4652981E+01  0.5432220E-03
 0.4668622E+01  0.5081041E-03
 0.4684262E+01  0.4753496E-03
 0.4699902E+01  0.4445588E-03
 0.4715543E+01  0.4155063E-03
 0.4731183E+01  0.3885248E-03
 0.4746823E+01  0.3629132E-03
 0.4762463E+01  0.3391025E-03
 0.4778104E+01  0.3167273E-03
 0.4793744E+01  0.2956428E-03
 0.4809384E+01  0.2760955E-03
 0.4825024E+01  0.2575585E-03
 0.4840665E+01  0.2403467E-03
 0.4856305E+01  0.2242032E-03
 0.4871945E+01  0.2089937E-03
 0.4887586E+01  0.1949378E-03
 0.4903226E+01  0.1815968E-03
 0.4918866E+01  0.1692500E-03
 0.4934506E+01  0.1576745E-03
 0.4950147E+01  0.1467831E-03
 0.4965787E+01  0.1367389E-03
 0.4981427E+01  0.1272101E-03
 0.4997067E+01  0.1184153E-03
 0.5012708E+01  0.1101693E-03
 0.5028348E+01  0.1024243E-03
 0.5043988E+01  0.9530034E-04
 0.5059629E+01  0.8853776E-04
 0.5075269E+01  0.8231237E-04
 0.5090909E+01  0.7648280E-04
 0.5106549E+01  0.7101390E-04
 0.5122190E+01  0.6599422E-04
 0.5137830E+01  0.6122323E-04
 0.5153470E+01  0.5685697E-04
 0.5169110E+01  0.5275839E-04
 0.5184751E+01  0.4892144E-04
 0.5200391E+01  0.4541167E-04
 0.5216031E+01  0.4207233E-04
 0.5231672E+01  0.3902737E-04
 0.5247312E+01  0.3616492E-04
 0.5262952E+01  0.3349621E-04
 0.5278592E+01  0.3105903E-04
 0.5294233E+01  0.2873176E-04
 0.5309873E+01  0.2662639E-04
 0.5325513E+01  0.2464220E-04
 0.5341153E+01  0.2279302E-04
 0.5356794E+01  0.2111192E-04
 0.5372434E+01  0.1950032E-04
 0.5388074E+01  0.1805526E-04
 0.5403715E+01  0.1668288E-04
 0.5419355E+01  0.1541238E-04
 0.5434995E+01  0.1426236E-04
 0.5450635E+01  0.1315186E-04
 0.5466276E+01  0.1216571E-04
 0.5481916E+01  0.1122640E-04
 0.5497556E+01  0.1035830E-04
 0.5513196E+01  0.9576373E-05
 0.5528837E+01  0.8814703E-05
 0.5544477E+01  0.8148810E-05
 0.5560117E+01  0.7507924E-05
 0.5575758E+01  0.6915993E-05
 0.5591398E+01  0.6389882E-05
 0.5607038E+01  0.5869524E-05
 0.5622678E+01  0.5421728E-05
 0.5638319E+01  0.4986202E-05
 0.5653959E+01  0.4587242E-05
 0.5669599E+01  0.4234219E-05
 0.5685239E+01  0.3880499E-05
 0.5700880E+01  0.3581648E-05
 0.5716520E+01  0.3289885E-05
 0.5732160E+01  0.3019608E-05
 0.5747801E+01  0.2786408E-05
 0.5763441E+01  0.2547588E-05
 0.5779081E+01  0.2350555E-05
 0.5794721E+01  0.2154402E-05
 0.5810362E+01  0.1974442E-05
 0.5826002E+01  0.1821245E-05
 0.5841642E+01  0.1660430E-05
 0.5857283E+01  0.1530576E-05
 0.5872923E+01  0.1401299E-05
 0.5888563E+01  0.1281370E-05
 0.5904203E+01  0.1181563E-05
 0.5919844E+01  0.1074394E-05
 0.5935484E+01  0.9902112E-06
 0.5951124E+01  0.9051515E-06
 0.5966764E+01  0.8256429E-06
 0.5982405E+01  0.7618891E-06
 0.5998045E+01  0.6906540E-06
 0.6013685E+01  0.6366417E-06
 0.6029326E+01  0.5809945E-06
 0.6044966E+01  0.5294106E-06
 0.6060606E+01  0.4884924E-06
 0.6076246E+01  0.4418492E-06
 0.6091887E+01  0.4072485E-06
 0.6107527E+01  0.3715275E-06
 0.6123167E+01  0.3375968E-06
 0.6138807E+01  0.3120679E-06
 0.6154448E+01  0.2812673E-06
 0.6170088E+01  0.2595993E-06
 0.6185728E+01  0.2363034E-06
 0.6201369E+01  0.2146118E-06
 0.6217009E+01  0.1984664E-06
 0.6232649E+01  0.1784268E-06
 0.6248289E+01  0.1649069E-06
 0.6263930E+01  0.1499938E-06
 0.6279570E+01  0.1360074E-06
 0.6295210E+01  0.1260466E-06
 0.6310850E+01  0.1129333E-06
 0.6326491E+01  0.1045641E-06
 0.6342131E+01  0.9486910E-07
 0.6357771E+01  0.8594496E-07
 0.6373412E+01  0.7979054E-07
 0.6389052E+01  0.7106660E-07
 0.6404692E+01  0.6612159E-07
 0.6420332E+01  0.5973630E-07
 0.6435973E+01  0.5408080E-07
 0.6451613E+01  0.5022974E-07
 0.6467253E+01  0.4453898E-07
 0.6482893E+01  0.4155957E-07
 0.6498534E+01  0.3733499E-07
 0.6514174E+01  0.3374945E-07
 0.6529814E+01  0.3148970E-07
 0.6545455E+01  0.2760690E-07
 0.6561095E+01  0.2594771E-07
 0.6576735E+01  0.2315950E-07
 0.6592375E+01  0.2091071E-07
 0.6608016E+01  0.1955143E-07
 0.6623656E+01  0.1691264E-07
 0.6639296E+01  0.1608257E-07
 0.6654936E+01  0.1417678E-07
 0.6670577E+01  0.1276586E-07
 0.6686217E+01  0.1200639E-07
 0.6701857E+01  0.1023807E-07
 0.6717498E+01  0.9825225E-08
 0.6733138E+01  0.8569286E-08
 0.6748778E+01  0.7679995E-08
 0.6764418E+01  0.7330270E-08
 0.6780059E+01  0.6062174E-08
 0.6795699E+01  0.5970416E-08
 0.6811339E+01  0.5111987E-08
 0.6826979E+01  0.4573158E-08
 0.6842620E+01  0.4404960E-08
 0.6858260E+01  0.3543678E-08
 0.6873900E+01  0.3575134E-08
 0.6889541E+01  0.3003754E-08
 0.6905181E+01  0.2658794E-08
 0.6920821E+01  0.2639040E-08
 0.6936461E+01  0.2026417E-08
 0.6952102E+01  0.2124818E-08
 0.6967742E+01  0.1756990E-08
 0.6983382E+01  0.1536074E-08
 0.6999022E+01  0.1586401E-08
 0.7014663E+01  0.1138384E-08
 0.7030303E+01  0.1280359E-08
 0.7045943E+01  0.1012961E-08
 0.7061584E+01  0.8833810E-09
 0.7077224E+01  0.9479636E-09
 0.7092864E+01  0.6441442E-09
 0.7108504E+01  0.7549519E-09
 0.7124145E+01  0.5910223E-09
 0.7139785E+01  0.4965373E-09
 0.7155425E+01  0.5819518E-09
 0.7171065E+01  0.3453855E-09
 0.7186706E+01  0.4584976E-09
 0.7202346E+01  0.3396101E-09
 0.7217986E+01  0.2891493E-09
 0.7233627E+01  0.3523470E-09
 0.7249267E+01  0.1964970E-09
 0.7264907E+01  0.2865486E-09
 0.7280547E+01  0.2071810E-09
 0.7296188E+01  0.1749858E-09
 0.7311828E+01  0.2314791E-09
 0.7327468E+01  0.1179608E-09
 0.7343109E+01  0.1887153E-09
 0.7358749E+01  0.1315261E-09
 0.7374389E+01  0.1142398E-09
 0.7390029E+01  0.1601964E-09
 0.7405670E+01  0.7397175E-10
 0.7421310E+01  0.1364311E-09
 0.7436950E+01  0.8858761E-10
 0.7452590E+01  0.8593885E-10
 0.7468231E+01  0.1161013E-09
 0.7483871E+01  0.5328122E-10
 0.7499511E+01  0.1039757E-09
 0.7515152E+01  0.6740374E-10
 0.7530792E+01  0.6723504E-10
 0.7546432E+01  0.9237233E-10
 0.7562072E+01  0.3973592E-10
 0.7577713E+01  0.8519859E-10
 0.7593353E+01  0.5097933E-10
 0.7608993E+01  0.5189829E-10
 0.7624633E+01  0.7229073E-10
 0.7640274E+01  0.2710567E-10
 0.7655914E+01  0.6435040E-10
 0.7671554E+01  0.3643124E-10
 0.7687195E+01  0.3757102E-10
 0.7702835E+01  0.5207263E-10
 0.7718475E+01  0.1631063E-10
 0.7734115E+01  0.4676332E-10
 0.7749756E+01  0.2585441E-10
 0.7765396E+01  0.2541430E-10
 0.7781036E+01  0.3869554E-10
 0.7796676E+01  0.9078200E-11
 0.7812317E+01  0.3718268E-10
 0.7827957E+01  0.1662458E-10
 0.7843597E+01  0.1972517E-10
 0.7859238E+01  0.2913740E-10
 0.7874878E+01  0.5255221E-11
 0.7890518E+01  0.2967661E-10
 0.7906158E+01  0.1327535E-10
 0.7921799E+01  0.1545734E-10
 0.7937439E+01  0.2343245E-10
 0.7953079E+01  0.2971370E-11
 0.7968719E+01  0.2593817E-10
 0.7984360E+01  0.1054704E-10
 0.8000000E+01  0.1038235E-10
