 0.2500000E+00  0.1292849E+01
 0.5000000E+00  0.1393004E+01
 0.7500000E+00  0.1501048E+01
 0.1000000E+01  0.1617608E+01
 0.1250000E+01  0.1743362E+01
 0.1500000E+01  0.1879044E+01
 0.1750000E+01  0.2025445E+01
 0.2000000E+01  0.2183421E+01
 0.2250000E+01  0.2353897E+01
 0.2500000E+01  0.2537870E+01
 0.2750000E+01  0.2736421E+01
 0.3000000E+01  0.2950716E+01
 0.3250000E+01  0.3182016E+01
 0.3500000E+01  0.3431681E+01
 0.3750000E+01  0.3701185E+01
 0.4000000E+01  0.3992119E+01
 0.4250000E+01  0.4306201E+01
 0.4500000E+01  0.4645290E+01
 0.4750000E+01  0.5011395E+01
 0.5000000E+01  0.5406688E+01
 0.5250000E+01  0.5833514E+01
 0.5500000E+01  0.6294411E+01
 0.5750000E+01  0.6792122E+01
 0.6000000E+01  0.7329612E+01
 0.6250000E+01  0.7910084E+01
 0.6500000E+01  0.8537005E+01
 0.6750000E+01  0.9214121E+01
 0.7000000E+01  0.9945481E+01
 0.7250000E+01  0.1073547E+02
 0.7500000E+01  0.1158881E+02
 0.7750000E+01  0.1251063E+02
 0.8000000E+01  0.1350647E+02
 0.8250000E+01  0.1458231E+02
 0.8500000E+01  0.1574462E+02
 0.8750000E+01  0.1700041E+02
 0.9000000E+01  0.1835724E+02
 0.9250000E+01  0.1982330E+02
 0.9500000E+01  0.2140745E+02
 0.9750000E+01  0.2311926E+02
 0.1000000E+02  0.2496908E+02
 0.1025000E+02  0.2696813E+02
 0.1050000E+02  0.2912850E+02
 0.1075000E+02  0.3146331E+02
 0.1100000E+02  0.3398673E+02
 0.1125000E+02  0.3671409E+02
 0.1150000E+02  0.3966198E+02
 0.1175000E+02  0.4284832E+02
 0.1200000E+02  0.4629254E+02
 0.1225000E+02  0.5001562E+02
 0.1250000E+02  0.5404027E+02
 0.1275000E+02  0.5839105E+02
 0.1300000E+02  0.6309456E+02
 0.1325000E+02  0.6817954E+02
 0.1350000E+02  0.7367711E+02
 0.1375000E+02  0.7962092E+02
 0.1400000E+02  0.8604740E+02
 0.1425000E+02  0.9299594E+02
 0.1450000E+02  0.1005092E+03
 0.1475000E+02  0.1086333E+03
 0.1500000E+02  0.1174181E+03
 0.1525000E+02  0.1269177E+03
 0.1550000E+02  0.1371905E+03
 0.1575000E+02  0.1482998E+03
 0.1600000E+02  0.1603140E+03
 0.1625000E+02  0.1733071E+03
 0.1650000E+02  0.1873593E+03
 0.1675000E+02  0.2025575E+03
 0.1700000E+02  0.2189953E+03
 0.1725000E+02  0.2367744E+03
 0.1750000E+02  0.2560049E+03
 0.1775000E+02  0.2768055E+03
 0.1800000E+02  0.2993053E+03
 0.1825000E+02  0.3236434E+03
 0.1850000E+02  0.3499709E+03
 0.1875000E+02  0.3784510E+03
 0.1900000E+02  0.4092604E+03
 0.1925000E+02  0.4425905E+03
 0.1950000E+02  0.4786483E+03
 0.1975000E+02  0.5176580E+03
 0.2000000E+02  0.5598621E+03
 0.2025000E+02  0.6055234E+03
 0.2050000E+02  0.6549262E+03
 0.2075000E+02  0.7083781E+03
 0.2100000E+02  0.7662124E+03
 0.2125000E+02  0.8287897E+03
 0.2150000E+02  0.8965005E+03
 0.2175000E+02  0.9697673E+03
 0.2200000E+02  0.1049048E+04
 0.2225000E+02  0.1134837E+04
 0.2250000E+02  0.1227672E+04
 0.2275000E+02  0.1328133E+04
 0.2300000E+02  0.1436849E+04
 0.2325000E+02  0.1554500E+04
 0.2350000E+02  0.1681823E+04
 0.2375000E+02  0.1819616E+04
 0.2400000E+02  0.1968743E+04
 0.2425000E+02  0.2130138E+04
 0.2450000E+02  0.2304816E+04
 0.2475000E+02  0.2493872E+04
 0.2500000E+02  0.2698493E+04
 0.2525000E+02  0.2919965E+04
 0.2550000E+02  0.3159680E+04
 0.2575000E+02  0.3419146E+04
 0.2600000E+02  0.3699994E+04
 0.2625000E+02  0.4003992E+04
 0.2650000E+02  0.4333054E+04
 0.2675000E+02  0.4689253E+04
 0.2700000E+02  0.5074832E+04
 0.2725000E+02  0.5492221E+04
 0.2750000E+02  0.5944054E+04
 0.2775000E+02  0.6433179E+04
 0.2800000E+02  0.6962684E+04
 0.2825000E+02  0.7535910E+04
 0.2850000E+02  0.8156479E+04
 0.2875000E+02  0.8828309E+04
 0.2900000E+02  0.9555647E+04
 0.2925000E+02  0.1034309E+05
 0.2950000E+02  0.1119562E+05
 0.2975000E+02  0.1211863E+05
 0.3000000E+02  0.1311796E+05
 0.3025000E+02  0.1419993E+05
 0.3050000E+02  0.1537140E+05
 0.3075000E+02  0.1663980E+05
 0.3100000E+02  0.1801314E+05
 0.3125000E+02  0.1950015E+05
 0.3150000E+02  0.2111025E+05
 0.3175000E+02  0.2285366E+05
 0.3200000E+02  0.2474143E+05
 0.3225000E+02  0.2678555E+05
 0.3250000E+02  0.2899899E+05
 0.3275000E+02  0.3139581E+05
 0.3300000E+02  0.3399125E+05
 0.3325000E+02  0.3680178E+05
 0.3350000E+02  0.3984528E+05
 0.3375000E+02  0.4314110E+05
 0.3400000E+02  0.4671019E+05
 0.3425000E+02  0.5057528E+05
 0.3450000E+02  0.5476094E+05
 0.3475000E+02  0.5929383E+05
 0.3500000E+02  0.6420281E+05
 0.3525000E+02  0.6951914E+05
 0.3550000E+02  0.7527669E+05
 0.3575000E+02  0.8151215E+05
 0.3600000E+02  0.8826527E+05
 0.3625000E+02  0.9557910E+05
 0.3650000E+02  0.1035003E+06
 0.3675000E+02  0.1120793E+06
 0.3700000E+02  0.1213710E+06
 0.3725000E+02  0.1314346E+06
 0.3750000E+02  0.1423344E+06
 0.3775000E+02  0.1541399E+06
 0.3800000E+02  0.1669266E+06
 0.3825000E+02  0.1807762E+06
 0.3850000E+02  0.1957771E+06
 0.3875000E+02  0.2120252E+06
 0.3900000E+02  0.2296244E+06
 0.3925000E+02  0.2486872E+06
 0.3950000E+02  0.2693355E+06
 0.3975000E+02  0.2917015E+06
 0.4000000E+02  0.3159282E+06
 0.4025000E+02  0.3421707E+06
 0.4050000E+02  0.3705969E+06
 0.4075000E+02  0.4013889E+06
 0.4100000E+02  0.4347439E+06
 0.4125000E+02  0.4708755E+06
 0.4150000E+02  0.5100151E+06
 0.4175000E+02  0.5524137E+06
 0.4200000E+02  0.5983428E+06
 0.4225000E+02  0.6480970E+06
 0.4250000E+02  0.7019952E+06
 0.4275000E+02  0.7603831E+06
 0.4300000E+02  0.8236353E+06
 0.4325000E+02  0.8921574E+06
 0.4350000E+02  0.9663892E+06
 0.4375000E+02  0.1046807E+07
 0.4400000E+02  0.1133927E+07
 0.4425000E+02  0.1228309E+07
 0.4450000E+02  0.1330558E+07
 0.4475000E+02  0.1441332E+07
 0.4500000E+02  0.1561341E+07
 0.4525000E+02  0.1691358E+07
 0.4550000E+02  0.1832216E+07
 0.4575000E+02  0.1984823E+07
 0.4600000E+02  0.2150157E+07
 0.4625000E+02  0.2329284E+07
 0.4650000E+02  0.2523353E+07
 0.4675000E+02  0.2733614E+07
 0.4700000E+02  0.2961419E+07
 0.4725000E+02  0.3208232E+07
 0.4750000E+02  0.3475644E+07
 0.4775000E+02  0.3765373E+07
 0.4800000E+02  0.4079285E+07
 0.4825000E+02  0.4419400E+07
 0.4850000E+02  0.4787909E+07
 0.4875000E+02  0.5187183E+07
 0.4900000E+02  0.5619795E+07
 0.4925000E+02  0.6088531E+07
 0.4950000E+02  0.6596410E+07
 0.4975000E+02  0.7146703E+07
 0.5000000E+02  0.7742959E+07
 0.5025000E+02  0.8389018E+07
 0.5050000E+02  0.9089044E+07
 0.5075000E+02  0.9847551E+07
 0.5100000E+02  0.1066943E+08
 0.5125000E+02  0.1155998E+08
 0.5150000E+02  0.1252494E+08
 0.5175000E+02  0.1357053E+08
 0.5200000E+02  0.1470351E+08
 0.5225000E+02  0.1593118E+08
 0.5250000E+02  0.1726146E+08
 0.5275000E+02  0.1870294E+08
 0.5300000E+02  0.2026491E+08
 0.5325000E+02  0.2195747E+08
 0.5350000E+02  0.2379153E+08
 0.5375000E+02  0.2577894E+08
 0.5400000E+02  0.2793252E+08
 0.5425000E+02  0.3026619E+08
 0.5450000E+02  0.3279502E+08
 0.5475000E+02  0.3553534E+08
 0.5500000E+02  0.3850486E+08
 0.5525000E+02  0.4172275E+08
 0.5550000E+02  0.4520980E+08
 0.5575000E+02  0.4898856E+08
 0.5600000E+02  0.5308344E+08
 0.5625000E+02  0.5752091E+08
 0.5650000E+02  0.6232964E+08
 0.5675000E+02  0.6754073E+08
 0.5700000E+02  0.7318787E+08
 0.5725000E+02  0.7930757E+08
 0.5750000E+02  0.8593941E+08
 0.5775000E+02  0.9312626E+08
 0.5800000E+02  0.1009146E+09
 0.5825000E+02  0.1093549E+09
 0.5850000E+02  0.1185016E+09
 0.5875000E+02  0.1284140E+09
 0.5900000E+02  0.1391562E+09
 0.5925000E+02  0.1507976E+09
 0.5950000E+02  0.1634138E+09
 0.5975000E+02  0.1770862E+09
 0.6000000E+02  0.1919034E+09
 0.6025000E+02  0.2079613E+09
 0.6050000E+02  0.2253638E+09
 0.6075000E+02  0.2442237E+09
 0.6100000E+02  0.2646630E+09
 0.6125000E+02  0.2868141E+09
 0.6150000E+02  0.3108205E+09
 0.6175000E+02  0.3368375E+09
 0.6200000E+02  0.3650338E+09
 0.6225000E+02  0.3955919E+09
 0.6250000E+02  0.4287099E+09
 0.6275000E+02  0.4646022E+09
 0.6300000E+02  0.5035014E+09
 0.6325000E+02  0.5456596E+09
 0.6350000E+02  0.5913500E+09
 0.6375000E+02  0.6408685E+09
 0.6400000E+02  0.6945362E+09
 0.6425000E+02  0.7527010E+09
 0.6450000E+02  0.8157397E+09
 0.6475000E+02  0.8840611E+09
 0.6500000E+02  0.9581081E+09
 0.6525000E+02  0.1038361E+10
 0.6550000E+02  0.1125339E+10
 0.6575000E+02  0.1219608E+10
 0.6600000E+02  0.1321777E+10
 0.6625000E+02  0.1432511E+10
 0.6650000E+02  0.1552527E+10
 0.6675000E+02  0.1682602E+10
 0.6700000E+02  0.1823582E+10
 0.6725000E+02  0.1976381E+10
 0.6750000E+02  0.2141989E+10
 0.6775000E+02  0.2321481E+10
 0.6800000E+02  0.2516022E+10
 0.6825000E+02  0.2726874E+10
 0.6850000E+02  0.2955405E+10
 0.6875000E+02  0.3203098E+10
 0.6900000E+02  0.3471561E+10
 0.6925000E+02  0.3762534E+10
 0.6950000E+02  0.4077909E+10
 0.6975000E+02  0.4419730E+10
 0.7000000E+02  0.4790217E+10
 0.7025000E+02  0.5191774E+10
 0.7050000E+02  0.5627009E+10
 0.7075000E+02  0.6098747E+10
 0.7100000E+02  0.6610051E+10
 0.7125000E+02  0.7164240E+10
 0.7150000E+02  0.7764913E+10
 0.7175000E+02  0.8415969E+10
 0.7200000E+02  0.9121638E+10
 0.7225000E+02  0.9886501E+10
 0.7250000E+02  0.1071553E+11
 0.7275000E+02  0.1161410E+11
 0.7300000E+02  0.1258805E+11
 0.7325000E+02  0.1364371E+11
 0.7350000E+02  0.1478793E+11
 0.7375000E+02  0.1602816E+11
 0.7400000E+02  0.1737243E+11
 0.7425000E+02  0.1882950E+11
 0.7450000E+02  0.2040881E+11
 0.7475000E+02  0.2212065E+11
 0.7500000E+02  0.2397612E+11
 0.7525000E+02  0.2598728E+11
 0.7550000E+02  0.2816720E+11
 0.7575000E+02  0.3053005E+11
 0.7600000E+02  0.3309118E+11
 0.7625000E+02  0.3586723E+11
 0.7650000E+02  0.3887626E+11
 0.7675000E+02  0.4213780E+11
 0.7700000E+02  0.4567306E+11
 0.7725000E+02  0.4950503E+11
 0.7750000E+02  0.5365860E+11
 0.7775000E+02  0.5816078E+11
 0.7800000E+02  0.6304082E+11
 0.7825000E+02  0.6833047E+11
 0.7850000E+02  0.7406410E+11
 0.7875000E+02  0.8027898E+11
 0.7900000E+02  0.8701553E+11
 0.7925000E+02  0.9431755E+11
 0.7950000E+02  0.1022325E+12
 0.7975000E+02  0.1108119E+12
 0.8000000E+02  0.1201114E+12
 0.8025000E+02  0.1301916E+12
 0.8050000E+02  0.1411180E+12
 0.8075000E+02  0.1529617E+12
 0.8100000E+02  0.1657997E+12
 0.8125000E+02  0.1797154E+12
 0.8150000E+02  0.1947994E+12
 0.8175000E+02  0.2111498E+12
 0.8200000E+02  0.2288729E+12
 0.8225000E+02  0.2480840E+12
 0.8250000E+02  0.2689081E+12
 0.8275000E+02  0.2914806E+12
 0.8300000E+02  0.3159483E+12
 0.8325000E+02  0.3424704E+12
 0.8350000E+02  0.3712195E+12
 0.8375000E+02  0.4023825E+12
 0.8400000E+02  0.4361621E+12
 0.8425000E+02  0.4727783E+12
 0.8450000E+02  0.5124691E+12
 0.8475000E+02  0.5554927E+12
 0.8500000E+02  0.6021292E+12
 0.8525000E+02  0.6526820E+12
 0.8550000E+02  0.7074799E+12
 0.8575000E+02  0.7668796E+12
 0.8600000E+02  0.8312675E+12
 0.8625000E+02  0.9010626E+12
 0.8650000E+02  0.9767191E+12
 0.8675000E+02  0.1058729E+13
 0.8700000E+02  0.1147627E+13
 0.8725000E+02  0.1243991E+13
 0.8750000E+02  0.1348447E+13
 0.8775000E+02  0.1461677E+13
 0.8800000E+02  0.1584416E+13
 0.8825000E+02  0.1717464E+13
 0.8850000E+02  0.1861686E+13
 0.8875000E+02  0.2018021E+13
 0.8900000E+02  0.2187487E+13
 0.8925000E+02  0.2371187E+13
 0.8950000E+02  0.2570317E+13
 0.8975000E+02  0.2786172E+13
 0.9000000E+02  0.3020158E+13
 0.9025000E+02  0.3273797E+13
 0.9050000E+02  0.3548741E+13
 0.9075000E+02  0.3846780E+13
 0.9100000E+02  0.4169854E+13
 0.9125000E+02  0.4520066E+13
 0.9150000E+02  0.4899695E+13
 0.9175000E+02  0.5311214E+13
 0.9200000E+02  0.5757301E+13
 0.9225000E+02  0.6240861E+13
 0.9250000E+02  0.6765042E+13
 0.9275000E+02  0.7333256E+13
 0.9300000E+02  0.7949203E+13
 0.9325000E+02  0.8616894E+13
 0.9350000E+02  0.9340675E+13
 0.9375000E+02  0.1012526E+14
 0.9400000E+02  0.1097575E+14
 0.9425000E+02  0.1189770E+14
 0.9450000E+02  0.1289710E+14
 0.9475000E+02  0.1398046E+14
 0.9500000E+02  0.1515483E+14
 0.9525000E+02  0.1642786E+14
 0.9550000E+02  0.1780785E+14
 0.9575000E+02  0.1930377E+14
 0.9600000E+02  0.2092537E+14
 0.9625000E+02  0.2268322E+14
 0.9650000E+02  0.2458874E+14
 0.9675000E+02  0.2665437E+14
 0.9700000E+02  0.2889353E+14
 0.9725000E+02  0.3132083E+14
 0.9750000E+02  0.3395207E+14
 0.9775000E+02  0.3680438E+14
 0.9800000E+02  0.3989634E+14
 0.9825000E+02  0.4324809E+14
 0.9850000E+02  0.4688145E+14
 0.9875000E+02  0.5082010E+14
 0.9900000E+02  0.5508967E+14
 0.9925000E+02  0.5971799E+14
 0.9950000E+02  0.6473519E+14
 0.9975000E+02  0.7017395E+14
 0.1000000E+03  0.7606970E+14
 0.1002500E+03  0.8246084E+14
 0.1005000E+03  0.8938900E+14
 0.1007500E+03  0.9689930E+14
 0.1010000E+03  0.1050407E+15
 0.1012500E+03  0.1138661E+15
 0.1015000E+03  0.1234331E+15
 0.1017500E+03  0.1338041E+15
 0.1020000E+03  0.1450465E+15
 0.1022500E+03  0.1572335E+15
 0.1025000E+03  0.1704446E+15
 0.1027500E+03  0.1847659E+15
 0.1030000E+03  0.2002906E+15
 0.1032500E+03  0.2171198E+15
 0.1035000E+03  0.2353632E+15
 0.1037500E+03  0.2551396E+15
 0.1040000E+03  0.2765779E+15
 0.1042500E+03  0.2998176E+15
 0.1045000E+03  0.3250103E+15
 0.1047500E+03  0.3523200E+15
 0.1050000E+03  0.3819246E+15
 0.1052500E+03  0.4140170E+15
 0.1055000E+03  0.4488063E+15
 0.1057500E+03  0.4865191E+15
 0.1060000E+03  0.5274011E+15
 0.1062500E+03  0.5717186E+15
 0.1065000E+03  0.6197604E+15
 0.1067500E+03  0.6718394E+15
 0.1070000E+03  0.7282949E+15
 0.1072500E+03  0.7894948E+15
 0.1075000E+03  0.8558378E+15
 0.1077500E+03  0.9277561E+15
 0.1080000E+03  0.1005718E+16
 0.1082500E+03  0.1090232E+16
 0.1085000E+03  0.1181848E+16
 0.1087500E+03  0.1281164E+16
 0.1090000E+03  0.1388826E+16
 0.1092500E+03  0.1505536E+16
 0.1095000E+03  0.1632054E+16
 0.1097500E+03  0.1769205E+16
 0.1100000E+03  0.1917882E+16
 0.1102500E+03  0.2079054E+16
 0.1105000E+03  0.2253771E+16
 0.1107500E+03  0.2443171E+16
 0.1110000E+03  0.2648489E+16
 0.1112500E+03  0.2871062E+16
 0.1115000E+03  0.3112340E+16
 0.1117500E+03  0.3373896E+16
 0.1120000E+03  0.3657434E+16
 0.1122500E+03  0.3964801E+16
 0.1125000E+03  0.4298000E+16
 0.1127500E+03  0.4659202E+16
 0.1130000E+03  0.5050761E+16
 0.1132500E+03  0.5475228E+16
 0.1135000E+03  0.5935369E+16
 0.1137500E+03  0.6434181E+16
 0.1140000E+03  0.6974916E+16
 0.1142500E+03  0.7561097E+16
 0.1145000E+03  0.8196543E+16
 0.1147500E+03  0.8885395E+16
 0.1150000E+03  0.9632142E+16
 0.1152500E+03  0.1044165E+17
 0.1155000E+03  0.1131919E+17
 0.1157500E+03  0.1227049E+17
 0.1160000E+03  0.1330174E+17
 0.1162500E+03  0.1441966E+17
 0.1165000E+03  0.1563153E+17
 0.1167500E+03  0.1694526E+17
 0.1170000E+03  0.1836941E+17
 0.1172500E+03  0.1991325E+17
 0.1175000E+03  0.2158684E+17
 0.1177500E+03  0.2340110E+17
 0.1180000E+03  0.2536784E+17
 0.1182500E+03  0.2749987E+17
 0.1185000E+03  0.2981110E+17
 0.1187500E+03  0.3231658E+17
 0.1190000E+03  0.3503265E+17
 0.1192500E+03  0.3797699E+17
 0.1195000E+03  0.4116879E+17
 0.1197500E+03  0.4462886E+17
 0.1200000E+03  0.4837975E+17
 0.1202500E+03  0.5244588E+17
 0.1205000E+03  0.5685377E+17
 0.1207500E+03  0.6163214E+17
 0.1210000E+03  0.6681212E+17
 0.1212500E+03  0.7242747E+17
 0.1215000E+03  0.7851479E+17
 0.1217500E+03  0.8511374E+17
 0.1220000E+03  0.9226732E+17
 0.1222500E+03  0.1000222E+18
 0.1225000E+03  0.1084288E+18
 0.1227500E+03  0.1175420E+18
 0.1230000E+03  0.1274211E+18
 0.1232500E+03  0.1381306E+18
 0.1235000E+03  0.1497402E+18
 0.1237500E+03  0.1623256E+18
 0.1240000E+03  0.1759688E+18
 0.1242500E+03  0.1907587E+18
 0.1245000E+03  0.2067917E+18
 0.1247500E+03  0.2241723E+18
 0.1250000E+03  0.2430137E+18
 0.1252500E+03  0.2634387E+18
 0.1255000E+03  0.2855804E+18
 0.1257500E+03  0.3095832E+18
 0.1260000E+03  0.3356034E+18
 0.1262500E+03  0.3638105E+18
 0.1265000E+03  0.3943886E+18
 0.1267500E+03  0.4275367E+18
 0.1270000E+03  0.4634709E+18
 0.1272500E+03  0.5024254E+18
 0.1275000E+03  0.5446541E+18
 0.1277500E+03  0.5904321E+18
 0.1280000E+03  0.6400577E+18
 0.1282500E+03  0.6938544E+18
 0.1285000E+03  0.7521728E+18
 0.1287500E+03  0.8153929E+18
 0.1290000E+03  0.8839267E+18
 0.1292500E+03  0.9582207E+18
 0.1295000E+03  0.1038759E+19
 0.1297500E+03  0.1126067E+19
 0.1300000E+03  0.1220713E+19
 0.1302500E+03  0.1323315E+19
 0.1305000E+03  0.1434540E+19
 0.1307500E+03  0.1555113E+19
 0.1310000E+03  0.1685821E+19
 0.1312500E+03  0.1827515E+19
 0.1315000E+03  0.1981118E+19
 0.1317500E+03  0.2147632E+19
 0.1320000E+03  0.2328142E+19
 0.1322500E+03  0.2523824E+19
 0.1325000E+03  0.2735953E+19
 0.1327500E+03  0.2965911E+19
 0.1330000E+03  0.3215198E+19
 0.1332500E+03  0.3485437E+19
 0.1335000E+03  0.3778391E+19
 0.1337500E+03  0.4095967E+19
 0.1340000E+03  0.4440236E+19
 0.1342500E+03  0.4813442E+19
 0.1345000E+03  0.5218015E+19
 0.1347500E+03  0.5656593E+19
 0.1350000E+03  0.6132034E+19
 0.1352500E+03  0.6647437E+19
 0.1355000E+03  0.7206159E+19
 0.1357500E+03  0.7811842E+19
 0.1360000E+03  0.8468434E+19
 0.1362500E+03  0.9180213E+19
 0.1365000E+03  0.9951817E+19
 0.1367500E+03  0.1078828E+20
 0.1370000E+03  0.1169504E+20
 0.1372500E+03  0.1267802E+20
 0.1375000E+03  0.1374361E+20
 0.1377500E+03  0.1489878E+20
 0.1380000E+03  0.1615103E+20
 0.1382500E+03  0.1750854E+20
 0.1385000E+03  0.1898014E+20
 0.1387500E+03  0.2057544E+20
 0.1390000E+03  0.2230482E+20
 0.1392500E+03  0.2417956E+20
 0.1395000E+03  0.2621186E+20
 0.1397500E+03  0.2841499E+20
 0.1400000E+03  0.3080329E+20
 0.1402500E+03  0.3339233E+20
 0.1405000E+03  0.3619897E+20
 0.1407500E+03  0.3924152E+20
 0.1410000E+03  0.4253979E+20
 0.1412500E+03  0.4611529E+20
 0.1415000E+03  0.4999130E+20
 0.1417500E+03  0.5419310E+20
 0.1420000E+03  0.5874806E+20
 0.1422500E+03  0.6368586E+20
 0.1425000E+03  0.6903868E+20
 0.1427500E+03  0.7484141E+20
 0.1430000E+03  0.8113186E+20
 0.1432500E+03  0.8795102E+20
 0.1435000E+03  0.9534333E+20
 0.1437500E+03  0.1033570E+21
 0.1440000E+03  0.1120441E+21
 0.1442500E+03  0.1214615E+21
 0.1445000E+03  0.1316703E+21
 0.1447500E+03  0.1427372E+21
 0.1450000E+03  0.1547343E+21
 0.1452500E+03  0.1677397E+21
 0.1455000E+03  0.1818383E+21
 0.1457500E+03  0.1971218E+21
 0.1460000E+03  0.2136898E+21
 0.1462500E+03  0.2316504E+21
 0.1465000E+03  0.2511206E+21
 0.1467500E+03  0.2722272E+21
 0.1470000E+03  0.2951079E+21
 0.1472500E+03  0.3199116E+21
 0.1475000E+03  0.3468001E+21
 0.1477500E+03  0.3759485E+21
 0.1480000E+03  0.4075467E+21
 0.1482500E+03  0.4418008E+21
 0.1485000E+03  0.4789340E+21
 0.1487500E+03  0.5191881E+21
 0.1490000E+03  0.5628255E+21
 0.1492500E+03  0.6101305E+21
 0.1495000E+03  0.6614115E+21
 0.1497500E+03  0.7170026E+21
 0.1500000E+03  0.7772661E+21
 0.1502500E+03  0.8425945E+21
 0.1505000E+03  0.9134138E+21
 0.1507500E+03  0.9901852E+21
 0.1510000E+03  0.1073409E+22
 0.1512500E+03  0.1163628E+22
 0.1515000E+03  0.1261429E+22
 0.1517500E+03  0.1367451E+22
 0.1520000E+03  0.1482383E+22
 0.1522500E+03  0.1606976E+22
 0.1525000E+03  0.1742040E+22
 0.1527500E+03  0.1888455E+22
 0.1530000E+03  0.2047177E+22
 0.1532500E+03  0.2219239E+22
 0.1535000E+03  0.2405762E+22
 0.1537500E+03  0.2607962E+22
 0.1540000E+03  0.2827156E+22
 0.1542500E+03  0.3064773E+22
 0.1545000E+03  0.3322361E+22
 0.1547500E+03  0.3601599E+22
 0.1550000E+03  0.3904306E+22
 0.1552500E+03  0.4232454E+22
 0.1555000E+03  0.4588183E+22
 0.1557500E+03  0.4973809E+22
 0.1560000E+03  0.5391845E+22
 0.1562500E+03  0.5845017E+22
 0.1565000E+03  0.6336276E+22
 0.1567500E+03  0.6868823E+22
 0.1570000E+03  0.7446129E+22
 0.1572500E+03  0.8071956E+22
 0.1575000E+03  0.8750381E+22
 0.1577500E+03  0.9485826E+22
 0.1580000E+03  0.1028308E+23
 0.1582500E+03  0.1114734E+23
 0.1585000E+03  0.1208424E+23
 0.1587500E+03  0.1309989E+23
 0.1590000E+03  0.1420089E+23
 0.1592500E+03  0.1539443E+23
 0.1595000E+03  0.1668828E+23
 0.1597500E+03  0.1809087E+23
 0.1600000E+03  0.1961134E+23
 0.1602500E+03  0.2125960E+23
 0.1605000E+03  0.2304640E+23
 0.1607500E+03  0.2498336E+23
 0.1610000E+03  0.2708311E+23
 0.1612500E+03  0.2935934E+23
 0.1615000E+03  0.3182688E+23
 0.1617500E+03  0.3450180E+23
 0.1620000E+03  0.3740153E+23
 0.1622500E+03  0.4054498E+23
 0.1625000E+03  0.4395261E+23
 0.1627500E+03  0.4764663E+23
 0.1630000E+03  0.5165112E+23
 0.1632500E+03  0.5599217E+23
 0.1635000E+03  0.6069805E+23
 0.1637500E+03  0.6579944E+23
 0.1640000E+03  0.7132957E+23
 0.1642500E+03  0.7732448E+23
 0.1645000E+03  0.8382322E+23
 0.1647500E+03  0.9086815E+23
 0.1650000E+03  0.9850515E+23
 0.1652500E+03  0.1067840E+24
 0.1655000E+03  0.1157586E+24
 0.1657500E+03  0.1254876E+24
 0.1660000E+03  0.1360341E+24
 0.1662500E+03  0.1474670E+24
 0.1665000E+03  0.1598608E+24
 0.1667500E+03  0.1732962E+24
 0.1670000E+03  0.1878608E+24
 0.1672500E+03  0.2036494E+24
 0.1675000E+03  0.2207650E+24
 0.1677500E+03  0.2393189E+24
 0.1680000E+03  0.2594323E+24
 0.1682500E+03  0.2812360E+24
 0.1685000E+03  0.3048721E+24
 0.1687500E+03  0.3304947E+24
 0.1690000E+03  0.3582707E+24
 0.1692500E+03  0.3883811E+24
 0.1695000E+03  0.4210220E+24
 0.1697500E+03  0.4564062E+24
 0.1700000E+03  0.4947641E+24
 0.1702500E+03  0.5363457E+24
 0.1705000E+03  0.5814219E+24
 0.1707500E+03  0.6302864E+24
 0.1710000E+03  0.6832576E+24
 0.1712500E+03  0.7406806E+24
 0.1715000E+03  0.8029296E+24
 0.1717500E+03  0.8704100E+24
 0.1720000E+03  0.9435617E+24
 0.1722500E+03  0.1022861E+25
 0.1725000E+03  0.1108825E+25
 0.1727500E+03  0.1202013E+25
 0.1730000E+03  0.1303033E+25
 0.1732500E+03  0.1412543E+25
 0.1735000E+03  0.1531257E+25
 0.1737500E+03  0.1659947E+25
 0.1740000E+03  0.1799452E+25
 0.1742500E+03  0.1950682E+25
 0.1745000E+03  0.2114621E+25
 0.1747500E+03  0.2292338E+25
 0.1750000E+03  0.2484990E+25
 0.1752500E+03  0.2693833E+25
 0.1755000E+03  0.2920227E+25
 0.1757500E+03  0.3165647E+25
 0.1760000E+03  0.3431693E+25
 0.1762500E+03  0.3720097E+25
 0.1765000E+03  0.4032739E+25
 0.1767500E+03  0.4371655E+25
 0.1770000E+03  0.4739054E+25
 0.1772500E+03  0.5137329E+25
 0.1775000E+03  0.5569075E+25
 0.1777500E+03  0.6037105E+25
 0.1780000E+03  0.6544468E+25
 0.1782500E+03  0.7094470E+25
 0.1785000E+03  0.7690694E+25
 0.1787500E+03  0.8337024E+25
 0.1790000E+03  0.9037672E+25
 0.1792500E+03  0.9797202E+25
 0.1795000E+03  0.1062056E+26
 0.1797500E+03  0.1151312E+26
 0.1800000E+03  0.1248068E+26
 0.1802500E+03  0.1352956E+26
 0.1805000E+03  0.1466658E+26
 0.1807500E+03  0.1589916E+26
 0.1810000E+03  0.1723533E+26
 0.1812500E+03  0.1868378E+26
 0.1815000E+03  0.2025396E+26
 0.1817500E+03  0.2195610E+26
 0.1820000E+03  0.2380128E+26
 0.1822500E+03  0.2580152E+26
 0.1825000E+03  0.2796987E+26
 0.1827500E+03  0.3032044E+26
 0.1830000E+03  0.3286854E+26
 0.1832500E+03  0.3563079E+26
 0.1835000E+03  0.3862517E+26
 0.1837500E+03  0.4187119E+26
 0.1840000E+03  0.4539000E+26
 0.1842500E+03  0.4920452E+26
 0.1845000E+03  0.5333961E+26
 0.1847500E+03  0.5782220E+26
 0.1850000E+03  0.6268150E+26
 0.1852500E+03  0.6794917E+26
 0.1855000E+03  0.7365951E+26
 0.1857500E+03  0.7984974E+26
 0.1860000E+03  0.8656018E+26
 0.1862500E+03  0.9383455E+26
 0.1865000E+03  0.1017202E+27
 0.1867500E+03  0.1102686E+27
 0.1870000E+03  0.1195354E+27
 0.1872500E+03  0.1295809E+27
 0.1875000E+03  0.1404706E+27
 0.1877500E+03  0.1522754E+27
 0.1880000E+03  0.1650723E+27
 0.1882500E+03  0.1789446E+27
 0.1885000E+03  0.1939826E+27
 0.1887500E+03  0.2102845E+27
 0.1890000E+03  0.2279562E+27
 0.1892500E+03  0.2471131E+27
 0.1895000E+03  0.2678798E+27
 0.1897500E+03  0.2903916E+27
 0.1900000E+03  0.3147953E+27
 0.1902500E+03  0.3412498E+27
 0.1905000E+03  0.3699274E+27
 0.1907500E+03  0.4010150E+27
 0.1910000E+03  0.4347150E+27
 0.1912500E+03  0.4712470E+27
 0.1915000E+03  0.5108491E+27
 0.1917500E+03  0.5537791E+27
 0.1920000E+03  0.6003168E+27
 0.1922500E+03  0.6507653E+27
 0.1925000E+03  0.7054533E+27
 0.1927500E+03  0.7647370E+27
 0.1930000E+03  0.8290026E+27
 0.1932500E+03  0.8986688E+27
 0.1935000E+03  0.9741895E+27
 0.1937500E+03  0.1056056E+28
 0.1940000E+03  0.1144803E+28
 0.1942500E+03  0.1241008E+28
 0.1945000E+03  0.1345297E+28
 0.1947500E+03  0.1458350E+28
 0.1950000E+03  0.1580903E+28
 0.1952500E+03  0.1713756E+28
 0.1955000E+03  0.1857772E+28
 0.1957500E+03  0.2013891E+28
 0.1960000E+03  0.2183129E+28
 0.1962500E+03  0.2366589E+28
 0.1965000E+03  0.2565466E+28
 0.1967500E+03  0.2781055E+28
 0.1970000E+03  0.3014762E+28
 0.1972500E+03  0.3268107E+28
 0.1975000E+03  0.3542743E+28
 0.1977500E+03  0.3840457E+28
 0.1980000E+03  0.4163189E+28
 0.1982500E+03  0.4513042E+28
 0.1985000E+03  0.4892294E+28
 0.1987500E+03  0.5303416E+28
 0.1990000E+03  0.5749087E+28
 0.1992500E+03  0.6232208E+28
 0.1995000E+03  0.6755928E+28
 0.1997500E+03  0.7323659E+28
 0.2000000E+03  0.7939097E+28
 0.2002500E+03  0.8606254E+28
 0.2005000E+03  0.9329473E+28
 0.2007500E+03  0.1011347E+29
 0.2010000E+03  0.1096334E+29
 0.2012500E+03  0.1188464E+29
 0.2015000E+03  0.1288335E+29
 0.2017500E+03  0.1396599E+29
 0.2020000E+03  0.1513960E+29
 0.2022500E+03  0.1641184E+29
 0.2025000E+03  0.1779098E+29
 0.2027500E+03  0.1928602E+29
 0.2030000E+03  0.2090670E+29
 0.2032500E+03  0.2266356E+29
 0.2035000E+03  0.2456806E+29
 0.2037500E+03  0.2663259E+29
 0.2040000E+03  0.2887062E+29
 0.2042500E+03  0.3129671E+29
 0.2045000E+03  0.3392667E+29
 0.2047500E+03  0.3677763E+29
 0.2050000E+03  0.3986816E+29
 0.2052500E+03  0.4321840E+29
 0.2055000E+03  0.4685017E+29
 0.2057500E+03  0.5078712E+29
 0.2060000E+03  0.5505491E+29
 0.2062500E+03  0.5968132E+29
 0.2065000E+03  0.6469650E+29
 0.2067500E+03  0.7013311E+29
 0.2070000E+03  0.7602657E+29
 0.2072500E+03  0.8241527E+29
 0.2075000E+03  0.8934082E+29
 0.2077500E+03  0.9684834E+29
 0.2080000E+03  0.1049867E+30
 0.2082500E+03  0.1138090E+30
 0.2085000E+03  0.1233726E+30
 0.2087500E+03  0.1337399E+30
 0.2090000E+03  0.1449783E+30
 0.2092500E+03  0.1571611E+30
 0.2095000E+03  0.1703677E+30
 0.2097500E+03  0.1846840E+30
 0.2100000E+03  0.2002033E+30
 0.2102500E+03  0.2170267E+30
 0.2105000E+03  0.2352638E+30
 0.2107500E+03  0.2550335E+30
 0.2110000E+03  0.2764643E+30
 0.2112500E+03  0.2996960E+30
 0.2115000E+03  0.3248799E+30
 0.2117500E+03  0.3521800E+30
 0.2120000E+03  0.3817742E+30
 0.2122500E+03  0.4138551E+30
 0.2125000E+03  0.4486319E+30
 0.2127500E+03  0.4863309E+30
 0.2130000E+03  0.5271979E+30
 0.2132500E+03  0.5714988E+30
 0.2135000E+03  0.6195224E+30
 0.2137500E+03  0.6715815E+30
 0.2140000E+03  0.7280151E+30
 0.2142500E+03  0.7891908E+30
 0.2145000E+03  0.8555071E+30
 0.2147500E+03  0.9273959E+30
 0.2150000E+03  0.1005326E+31
 0.2152500E+03  0.1089804E+31
 0.2155000E+03  0.1181380E+31
 0.2157500E+03  0.1280652E+31
 0.2160000E+03  0.1388266E+31
 0.2162500E+03  0.1504923E+31
 0.2165000E+03  0.1631382E+31
 0.2167500E+03  0.1768467E+31
 0.2170000E+03  0.1917072E+31
 0.2172500E+03  0.2078164E+31
 0.2175000E+03  0.2252792E+31
 0.2177500E+03  0.2442094E+31
 0.2180000E+03  0.2647304E+31
 0.2182500E+03  0.2869756E+31
 0.2185000E+03  0.3110902E+31
 0.2187500E+03  0.3372310E+31
 0.2190000E+03  0.3655685E+31
 0.2192500E+03  0.3962871E+31
 0.2195000E+03  0.4295870E+31
 0.2197500E+03  0.4656850E+31
 0.2200000E+03  0.5048163E+31
 0.2202500E+03  0.5472358E+31
 0.2205000E+03  0.5932197E+31
 0.2207500E+03  0.6430676E+31
 0.2210000E+03  0.6971042E+31
 0.2212500E+03  0.7556814E+31
 0.2215000E+03  0.8191807E+31
 0.2217500E+03  0.8880158E+31
 0.2220000E+03  0.9626350E+31
 0.2222500E+03  0.1043524E+32
 0.2225000E+03  0.1131211E+32
 0.2227500E+03  0.1226265E+32
 0.2230000E+03  0.1329307E+32
 0.2232500E+03  0.1441007E+32
 0.2235000E+03  0.1562094E+32
 0.2237500E+03  0.1693354E+32
 0.2240000E+03  0.1835645E+32
 0.2242500E+03  0.1989892E+32
 0.2245000E+03  0.2157100E+32
 0.2247500E+03  0.2338358E+32
 0.2250000E+03  0.2534847E+32
 0.2252500E+03  0.2747846E+32
 0.2255000E+03  0.2978744E+32
 0.2257500E+03  0.3229043E+32
 0.2260000E+03  0.3500374E+32
 0.2262500E+03  0.3794505E+32
 0.2265000E+03  0.4113350E+32
 0.2267500E+03  0.4458988E+32
 0.2270000E+03  0.4833669E+32
 0.2272500E+03  0.5239833E+32
 0.2275000E+03  0.5680126E+32
 0.2277500E+03  0.6157416E+32
 0.2280000E+03  0.6674811E+32
 0.2282500E+03  0.7235682E+32
 0.2285000E+03  0.7843681E+32
 0.2287500E+03  0.8502769E+32
 0.2290000E+03  0.9217238E+32
 0.2292500E+03  0.9991742E+32
 0.2295000E+03  0.1083133E+33
 0.2297500E+03  0.1174146E+33
 0.2300000E+03  0.1272806E+33
 0.2302500E+03  0.1379757E+33
 0.2305000E+03  0.1495695E+33
 0.2307500E+03  0.1621374E+33
 0.2310000E+03  0.1757614E+33
 0.2312500E+03  0.1905302E+33
 0.2315000E+03  0.2065400E+33
 0.2317500E+03  0.2238950E+33
 0.2320000E+03  0.2427083E+33
 0.2322500E+03  0.2631024E+33
 0.2325000E+03  0.2852101E+33
 0.2327500E+03  0.3091755E+33
 0.2330000E+03  0.3351547E+33
 0.2332500E+03  0.3633167E+33
 0.2335000E+03  0.3938452E+33
 0.2337500E+03  0.4269388E+33
 0.2340000E+03  0.4628132E+33
 0.2342500E+03  0.5017019E+33
 0.2345000E+03  0.5438584E+33
 0.2347500E+03  0.5895571E+33
 0.2350000E+03  0.6390956E+33
 0.2352500E+03  0.6927968E+33
 0.2355000E+03  0.7510102E+33
 0.2357500E+03  0.8141151E+33
 0.2360000E+03  0.8825224E+33
 0.2362500E+03  0.9566778E+33
 0.2365000E+03  0.1037064E+34
 0.2367500E+03  0.1124205E+34
 0.2370000E+03  0.1218668E+34
 0.2372500E+03  0.1321068E+34
 0.2375000E+03  0.1432073E+34
 0.2377500E+03  0.1552405E+34
 0.2380000E+03  0.1682847E+34
 0.2382500E+03  0.1824251E+34
 0.2385000E+03  0.1977536E+34
 0.2387500E+03  0.2143700E+34
 0.2390000E+03  0.2323827E+34
 0.2392500E+03  0.2519090E+34
 0.2395000E+03  0.2730759E+34
 0.2397500E+03  0.2960214E+34
 0.2400000E+03  0.3208948E+34
 0.2402500E+03  0.3478583E+34
 0.2405000E+03  0.3770874E+34
 0.2407500E+03  0.4087726E+34
 0.2410000E+03  0.4431200E+34
 0.2412500E+03  0.4803535E+34
 0.2415000E+03  0.5207156E+34
 0.2417500E+03  0.5644691E+34
 0.2420000E+03  0.6118990E+34
 0.2422500E+03  0.6633142E+34
 0.2425000E+03  0.7190496E+34
 0.2427500E+03  0.7794682E+34
 0.2430000E+03  0.8449634E+34
 0.2432500E+03  0.9159619E+34
 0.2435000E+03  0.9929260E+34
 0.2437500E+03  0.1076357E+35
 0.2440000E+03  0.1166798E+35
 0.2442500E+03  0.1264839E+35
 0.2445000E+03  0.1371118E+35
 0.2447500E+03  0.1486326E+35
 0.2450000E+03  0.1611215E+35
 0.2452500E+03  0.1746598E+35
 0.2455000E+03  0.1893356E+35
 0.2457500E+03  0.2052445E+35
 0.2460000E+03  0.2224902E+35
 0.2462500E+03  0.2411850E+35
 0.2465000E+03  0.2614506E+35
 0.2467500E+03  0.2834190E+35
 0.2470000E+03  0.3072332E+35
 0.2472500E+03  0.3330485E+35
 0.2475000E+03  0.3610329E+35
 0.2477500E+03  0.3913686E+35
 0.2480000E+03  0.4242533E+35
 0.2482500E+03  0.4599011E+35
 0.2485000E+03  0.4985442E+35
 0.2487500E+03  0.5404342E+35
 0.2490000E+03  0.5858441E+35
 0.2492500E+03  0.6350694E+35
 0.2495000E+03  0.6884309E+35
 0.2497500E+03  0.7462761E+35
 0.2500000E+03  0.8089816E+35
 0.2502500E+03  0.8769559E+35
 0.2505000E+03  0.9506417E+35
 0.2507500E+03  0.1030519E+36
 0.2510000E+03  0.1117108E+36
 0.2512500E+03  0.1210972E+36
 0.2515000E+03  0.1312723E+36
 0.2517500E+03  0.1423024E+36
 0.2520000E+03  0.1542592E+36
 0.2522500E+03  0.1672208E+36
 0.2525000E+03  0.1812714E+36
 0.2527500E+03  0.1965026E+36
 0.2530000E+03  0.2130135E+36
 0.2532500E+03  0.2309118E+36
 0.2535000E+03  0.2503140E+36
 0.2537500E+03  0.2713464E+36
 0.2540000E+03  0.2941460E+36
 0.2542500E+03  0.3188614E+36
 0.2545000E+03  0.3456534E+36
 0.2547500E+03  0.3746966E+36
 0.2550000E+03  0.4061800E+36
 0.2552500E+03  0.4403089E+36
 0.2555000E+03  0.4773054E+36
 0.2557500E+03  0.5174104E+36
 0.2560000E+03  0.5608852E+36
 0.2562500E+03  0.6080129E+36
 0.2565000E+03  0.6591005E+36
 0.2567500E+03  0.7144806E+36
 0.2570000E+03  0.7745139E+36
 0.2572500E+03  0.8395914E+36
 0.2575000E+03  0.9101369E+36
 0.2577500E+03  0.9866100E+36
 0.2580000E+03  0.1069508E+37
 0.2582500E+03  0.1159372E+37
 0.2585000E+03  0.1256787E+37
 0.2587500E+03  0.1362387E+37
 0.2590000E+03  0.1476859E+37
 0.2592500E+03  0.1600950E+37
 0.2595000E+03  0.1735467E+37
 0.2597500E+03  0.1881287E+37
 0.2600000E+03  0.2039359E+37
 0.2602500E+03  0.2210713E+37
 0.2605000E+03  0.2396465E+37
 0.2607500E+03  0.2597824E+37
 0.2610000E+03  0.2816101E+37
 0.2612500E+03  0.3052719E+37
 0.2615000E+03  0.3309218E+37
 0.2617500E+03  0.3587270E+37
 0.2620000E+03  0.3888683E+37
 0.2622500E+03  0.4215423E+37
 0.2625000E+03  0.4569616E+37
 0.2627500E+03  0.4953569E+37
 0.2630000E+03  0.5369783E+37
 0.2632500E+03  0.5820968E+37
 0.2635000E+03  0.6310064E+37
 0.2637500E+03  0.6840254E+37
 0.2640000E+03  0.7414993E+37
 0.2642500E+03  0.8038022E+37
 0.2645000E+03  0.8713400E+37
 0.2647500E+03  0.9445525E+37
 0.2650000E+03  0.1023917E+38
 0.2652500E+03  0.1109949E+38
 0.2655000E+03  0.1203210E+38
 0.2657500E+03  0.1304307E+38
 0.2660000E+03  0.1413898E+38
 0.2662500E+03  0.1532698E+38
 0.2665000E+03  0.1661479E+38
 0.2667500E+03  0.1801081E+38
 0.2670000E+03  0.1952413E+38
 0.2672500E+03  0.2116460E+38
 0.2675000E+03  0.2294290E+38
 0.2677500E+03  0.2487063E+38
 0.2680000E+03  0.2696032E+38
 0.2682500E+03  0.2922560E+38
 0.2685000E+03  0.3168120E+38
 0.2687500E+03  0.3434314E+38
 0.2690000E+03  0.3722873E+38
 0.2692500E+03  0.4035678E+38
 0.2695000E+03  0.4374766E+38
 0.2697500E+03  0.4742344E+38
 0.2700000E+03  0.5140807E+38
 0.2702500E+03  0.5572750E+38
 0.2705000E+03  0.6040985E+38
 0.2707500E+03  0.6548563E+38
 0.2710000E+03  0.7098788E+38
 0.2712500E+03  0.7695244E+38
 0.2715000E+03  0.8341816E+38
 0.2717500E+03  0.9042714E+38
 0.2720000E+03  0.9802503E+38
 0.2722500E+03  0.1062613E+39
 0.2725000E+03  0.1151896E+39
 0.2727500E+03  0.1248681E+39
 0.2730000E+03  0.1353598E+39
 0.2732500E+03  0.1467330E+39
 0.2735000E+03  0.1590618E+39
 0.2737500E+03  0.1724265E+39
 0.2740000E+03  0.1869141E+39
 0.2742500E+03  0.2026190E+39
 0.2745000E+03  0.2196434E+39
 0.2747500E+03  0.2380983E+39
 0.2750000E+03  0.2581038E+39
 0.2752500E+03  0.2797902E+39
 0.2755000E+03  0.3032987E+39
 0.2757500E+03  0.3287824E+39
 0.2760000E+03  0.3564073E+39
 0.2762500E+03  0.3863533E+39
 0.2765000E+03  0.4188154E+39
 0.2767500E+03  0.4540050E+39
 0.2770000E+03  0.4921513E+39
 0.2772500E+03  0.5335027E+39
 0.2775000E+03  0.5783286E+39
 0.2777500E+03  0.6269207E+39
 0.2780000E+03  0.6795957E+39
 0.2782500E+03  0.7366964E+39
 0.2785000E+03  0.7985949E+39
 0.2787500E+03  0.8656941E+39
 0.2790000E+03  0.9384311E+39
 0.2792500E+03  0.1017280E+40
 0.2795000E+03  0.1102753E+40
 0.2797500E+03  0.1195408E+40
 0.2800000E+03  0.1295848E+40
 0.2802500E+03  0.1404727E+40
 0.2805000E+03  0.1522754E+40
 0.2807500E+03  0.1650699E+40
 0.2810000E+03  0.1789393E+40
 0.2812500E+03  0.1939740E+40
 0.2815000E+03  0.2102720E+40
 0.2817500E+03  0.2279393E+40
 0.2820000E+03  0.2470911E+40
 0.2822500E+03  0.2678520E+40
 0.2825000E+03  0.2903573E+40
 0.2827500E+03  0.3147535E+40
 0.2830000E+03  0.3411995E+40
 0.2832500E+03  0.3698675E+40
 0.2835000E+03  0.4009443E+40
 0.2837500E+03  0.4346321E+40
 0.2840000E+03  0.4711505E+40
 0.2842500E+03  0.5107371E+40
 0.2845000E+03  0.5536498E+40
 0.2847500E+03  0.6001681E+40
 0.2850000E+03  0.6505950E+40
 0.2852500E+03  0.7052587E+40
 0.2855000E+03  0.7645153E+40
 0.2857500E+03  0.8287508E+40
 0.2860000E+03  0.8983833E+40
 0.2862500E+03  0.9738664E+40
 0.2865000E+03  0.1055692E+41
 0.2867500E+03  0.1144392E+41
 0.2870000E+03  0.1240545E+41
 0.2872500E+03  0.1344777E+41
 0.2875000E+03  0.1457766E+41
 0.2877500E+03  0.1580249E+41
 0.2880000E+03  0.1713023E+41
 0.2882500E+03  0.1856953E+41
 0.2885000E+03  0.2012976E+41
 0.2887500E+03  0.2182108E+41
 0.2890000E+03  0.2365451E+41
 0.2892500E+03  0.2564198E+41
 0.2895000E+03  0.2779644E+41
 0.2897500E+03  0.3013192E+41
 0.2900000E+03  0.3266363E+41
 0.2902500E+03  0.3540806E+41
 0.2905000E+03  0.3838307E+41
 0.2907500E+03  0.4160805E+41
 0.2910000E+03  0.4510399E+41
 0.2912500E+03  0.4889366E+41
 0.2915000E+03  0.5300174E+41
 0.2917500E+03  0.5745498E+41
 0.2920000E+03  0.6228239E+41
 0.2922500E+03  0.6751540E+41
 0.2925000E+03  0.7318809E+41
 0.2927500E+03  0.7933740E+41
 0.2930000E+03  0.8600338E+41
 0.2932500E+03  0.9322943E+41
 0.2935000E+03  0.1010626E+42
 0.2937500E+03  0.1095540E+42
 0.2940000E+03  0.1187588E+42
 0.2942500E+03  0.1287369E+42
 0.2945000E+03  0.1395535E+42
 0.2947500E+03  0.1512788E+42
 0.2950000E+03  0.1639894E+42
 0.2952500E+03  0.1777678E+42
 0.2955000E+03  0.1927040E+42
 0.2957500E+03  0.2088951E+42
 0.2960000E+03  0.2264465E+42
 0.2962500E+03  0.2454726E+42
 0.2965000E+03  0.2660974E+42
 0.2967500E+03  0.2884550E+42
 0.2970000E+03  0.3126911E+42
 0.2972500E+03  0.3389635E+42
 0.2975000E+03  0.3674433E+42
 0.2977500E+03  0.3983161E+42
 0.2980000E+03  0.4317827E+42
 0.2982500E+03  0.4680612E+42
 0.2985000E+03  0.5073879E+42
 0.2987500E+03  0.5500188E+42
 0.2990000E+03  0.5962315E+42
 0.2992500E+03  0.6463271E+42
 0.2995000E+03  0.7006316E+42
 0.2997500E+03  0.7594989E+42
 0.3000000E+03  0.8233122E+42
 0.3002500E+03  0.8924870E+42
 0.3005000E+03  0.9674740E+42
 0.3007500E+03  0.1048761E+43
 0.3010000E+03  0.1136878E+43
 0.3012500E+03  0.1232399E+43
 0.3015000E+03  0.1335946E+43
 0.3017500E+03  0.1448192E+43
 0.3020000E+03  0.1569869E+43
 0.3022500E+03  0.1701770E+43
 0.3025000E+03  0.1844753E+43
 0.3027500E+03  0.1999749E+43
 0.3030000E+03  0.2167768E+43
 0.3032500E+03  0.2349904E+43
 0.3035000E+03  0.2547343E+43
 0.3037500E+03  0.2761371E+43
 0.3040000E+03  0.2993381E+43
 0.3042500E+03  0.3244885E+43
 0.3045000E+03  0.3517520E+43
 0.3047500E+03  0.3813062E+43
 0.3050000E+03  0.4133436E+43
 0.3052500E+03  0.4480727E+43
 0.3055000E+03  0.4857198E+43
 0.3057500E+03  0.5265299E+43
 0.3060000E+03  0.5707689E+43
 0.3062500E+03  0.6187249E+43
 0.3065000E+03  0.6707101E+43
 0.3067500E+03  0.7270631E+43
 0.3070000E+03  0.7881508E+43
 0.3072500E+03  0.8543711E+43
 0.3075000E+03  0.9261553E+43
 0.3077500E+03  0.1003971E+44
 0.3080000E+03  0.1088324E+44
 0.3082500E+03  0.1179765E+44
 0.3085000E+03  0.1278889E+44
 0.3087500E+03  0.1386341E+44
 0.3090000E+03  0.1502821E+44
 0.3092500E+03  0.1629087E+44
 0.3095000E+03  0.1765963E+44
 0.3097500E+03  0.1914339E+44
 0.3100000E+03  0.2075181E+44
 0.3102500E+03  0.2249537E+44
 0.3105000E+03  0.2438542E+44
 0.3107500E+03  0.2643428E+44
 0.3110000E+03  0.2865528E+44
 0.3112500E+03  0.3106289E+44
 0.3115000E+03  0.3367278E+44
 0.3117500E+03  0.3650196E+44
 0.3120000E+03  0.3956884E+44
 0.3122500E+03  0.4289340E+44
 0.3125000E+03  0.4649729E+44
 0.3127500E+03  0.5040397E+44
 0.3130000E+03  0.5463889E+44
 0.3132500E+03  0.5922963E+44
 0.3135000E+03  0.6420608E+44
 0.3137500E+03  0.6960065E+44
 0.3140000E+03  0.7544846E+44
 0.3142500E+03  0.8178761E+44
 0.3145000E+03  0.8865937E+44
 0.3147500E+03  0.9610849E+44
 0.3150000E+03  0.1041835E+45
 0.3152500E+03  0.1129369E+45
 0.3155000E+03  0.1224258E+45
 0.3157500E+03  0.1327120E+45
 0.3160000E+03  0.1438624E+45
 0.3162500E+03  0.1559496E+45
 0.3165000E+03  0.1690524E+45
 0.3167500E+03  0.1832561E+45
 0.3170000E+03  0.1986532E+45
 0.3172500E+03  0.2153439E+45
 0.3175000E+03  0.2334370E+45
 0.3177500E+03  0.2530502E+45
 0.3180000E+03  0.2743114E+45
 0.3182500E+03  0.2973588E+45
 0.3185000E+03  0.3223428E+45
 0.3187500E+03  0.3494258E+45
 0.3190000E+03  0.3787843E+45
 0.3192500E+03  0.4106095E+45
 0.3195000E+03  0.4451087E+45
 0.3197500E+03  0.4825064E+45
 0.3200000E+03  0.5230463E+45
 0.3202500E+03  0.5669923E+45
 0.3205000E+03  0.6146306E+45
 0.3207500E+03  0.6662714E+45
 0.3210000E+03  0.7222511E+45
 0.3212500E+03  0.7829341E+45
 0.3215000E+03  0.8487157E+45
 0.3217500E+03  0.9200241E+45
 0.3220000E+03  0.9973239E+45
 0.3222500E+03  0.1081118E+46
 0.3225000E+03  0.1171953E+46
 0.3227500E+03  0.1270420E+46
 0.3230000E+03  0.1377159E+46
 0.3232500E+03  0.1492867E+46
 0.3235000E+03  0.1618297E+46
 0.3237500E+03  0.1754265E+46
 0.3240000E+03  0.1901657E+46
 0.3242500E+03  0.2061432E+46
 0.3245000E+03  0.2234632E+46
 0.3247500E+03  0.2422384E+46
 0.3250000E+03  0.2625911E+46
 0.3252500E+03  0.2846537E+46
 0.3255000E+03  0.3085701E+46
 0.3257500E+03  0.3344959E+46
 0.3260000E+03  0.3625999E+46
 0.3262500E+03  0.3930653E+46
 0.3265000E+03  0.4260902E+46
 0.3267500E+03  0.4618900E+46
 0.3270000E+03  0.5006975E+46
 0.3272500E+03  0.5427657E+46
 0.3275000E+03  0.5883684E+46
 0.3277500E+03  0.6378025E+46
 0.3280000E+03  0.6913901E+46
 0.3282500E+03  0.7494800E+46
 0.3285000E+03  0.8124506E+46
 0.3287500E+03  0.8807119E+46
 0.3290000E+03  0.9547085E+46
 0.3292500E+03  0.1034922E+47
 0.3295000E+03  0.1121875E+47
 0.3297500E+03  0.1216134E+47
 0.3300000E+03  0.1318312E+47
 0.3302500E+03  0.1429076E+47
 0.3305000E+03  0.1549145E+47
 0.3307500E+03  0.1679303E+47
 0.3310000E+03  0.1820396E+47
 0.3312500E+03  0.1973344E+47
 0.3315000E+03  0.2139142E+47
 0.3317500E+03  0.2318871E+47
 0.3320000E+03  0.2513700E+47
 0.3322500E+03  0.2724898E+47
 0.3325000E+03  0.2953841E+47
 0.3327500E+03  0.3202019E+47
 0.3330000E+03  0.3471050E+47
 0.3332500E+03  0.3762683E+47
 0.3335000E+03  0.4078820E+47
 0.3337500E+03  0.4421518E+47
 0.3340000E+03  0.4793009E+47
 0.3342500E+03  0.5195712E+47
 0.3345000E+03  0.5632249E+47
 0.3347500E+03  0.6105465E+47
 0.3350000E+03  0.6618439E+47
 0.3352500E+03  0.7174512E+47
 0.3355000E+03  0.7777306E+47
 0.3357500E+03  0.8430746E+47
 0.3360000E+03  0.9139088E+47
 0.3362500E+03  0.9906943E+47
 0.3365000E+03  0.1073931E+48
 0.3367500E+03  0.1164162E+48
 0.3370000E+03  0.1261973E+48
 0.3372500E+03  0.1368003E+48
 0.3375000E+03  0.1482940E+48
 0.3377500E+03  0.1607535E+48
 0.3380000E+03  0.1742598E+48
 0.3382500E+03  0.1889009E+48
 0.3385000E+03  0.2047722E+48
 0.3387500E+03  0.2219769E+48
 0.3390000E+03  0.2406271E+48
 0.3392500E+03  0.2608443E+48
 0.3395000E+03  0.2827601E+48
 0.3397500E+03  0.3065172E+48
 0.3400000E+03  0.3322704E+48
 0.3402500E+03  0.3601873E+48
 0.3405000E+03  0.3904498E+48
 0.3407500E+03  0.4232548E+48
 0.3410000E+03  0.4588162E+48
 0.3412500E+03  0.4973653E+48
 0.3415000E+03  0.5391532E+48
 0.3417500E+03  0.5844522E+48
 0.3420000E+03  0.6335571E+48
 0.3422500E+03  0.6867877E+48
 0.3425000E+03  0.7444907E+48
 0.3427500E+03  0.8070418E+48
 0.3430000E+03  0.8748483E+48
 0.3432500E+03  0.9483519E+48
 0.3435000E+03  0.1028031E+49
 0.3437500E+03  0.1114405E+49
 0.3440000E+03  0.1208036E+49
 0.3442500E+03  0.1309533E+49
 0.3445000E+03  0.1419558E+49
 0.3447500E+03  0.1538827E+49
 0.3450000E+03  0.1668118E+49
 0.3452500E+03  0.1808270E+49
 0.3455000E+03  0.1960199E+49
 0.3457500E+03  0.2124892E+49
 0.3460000E+03  0.2303422E+49
 0.3462500E+03  0.2496952E+49
 0.3465000E+03  0.2706743E+49
 0.3467500E+03  0.2934159E+49
 0.3470000E+03  0.3180683E+49
 0.3472500E+03  0.3447919E+49
 0.3475000E+03  0.3737608E+49
 0.3477500E+03  0.4051637E+49
 0.3480000E+03  0.4392049E+49
 0.3482500E+03  0.4761063E+49
 0.3485000E+03  0.5161080E+49
 0.3487500E+03  0.5594706E+49
 0.3490000E+03  0.6064765E+49
 0.3492500E+03  0.6574318E+49
 0.3495000E+03  0.7126682E+49
 0.3497500E+03  0.7725455E+49
 0.3500000E+03  0.8374536E+49
 0.3502500E+03  0.9078152E+49
 0.3505000E+03  0.9840884E+49
 0.3507500E+03  0.1066770E+50
 0.3510000E+03  0.1156398E+50
 0.3512500E+03  0.1253557E+50
 0.3515000E+03  0.1358879E+50
 0.3517500E+03  0.1473050E+50
 0.3520000E+03  0.1596813E+50
 0.3522500E+03  0.1730975E+50
 0.3525000E+03  0.1876409E+50
 0.3527500E+03  0.2034062E+50
 0.3530000E+03  0.2204960E+50
 0.3532500E+03  0.2390218E+50
 0.3535000E+03  0.2591040E+50
 0.3537500E+03  0.2808735E+50
 0.3540000E+03  0.3044720E+50
 0.3542500E+03  0.3300533E+50
 0.3545000E+03  0.3577838E+50
 0.3547500E+03  0.3878442E+50
 0.3550000E+03  0.4204303E+50
 0.3552500E+03  0.4557541E+50
 0.3555000E+03  0.4940459E+50
 0.3557500E+03  0.5355548E+50
 0.3560000E+03  0.5805512E+50
 0.3562500E+03  0.6293282E+50
 0.3565000E+03  0.6822033E+50
 0.3567500E+03  0.7395209E+50
 0.3570000E+03  0.8016542E+50
 0.3572500E+03  0.8690078E+50
 0.3575000E+03  0.9420204E+50
 0.3577500E+03  0.1021167E+51
 0.3580000E+03  0.1106964E+51
 0.3582500E+03  0.1199969E+51
 0.3585000E+03  0.1300789E+51
 0.3587500E+03  0.1410079E+51
 0.3590000E+03  0.1528551E+51
 0.3592500E+03  0.1656978E+51
 0.3595000E+03  0.1796194E+51
 0.3597500E+03  0.1947107E+51
 0.3600000E+03  0.2110700E+51
 0.3602500E+03  0.2288037E+51
 0.3605000E+03  0.2480274E+51
 0.3607500E+03  0.2688662E+51
 0.3610000E+03  0.2914559E+51
 0.3612500E+03  0.3159435E+51
 0.3615000E+03  0.3424886E+51
 0.3617500E+03  0.3712638E+51
 0.3620000E+03  0.4024568E+51
 0.3622500E+03  0.4362705E+51
 0.3625000E+03  0.4729252E+51
 0.3627500E+03  0.5126595E+51
 0.3630000E+03  0.5557322E+51
 0.3632500E+03  0.6024239E+51
 0.3635000E+03  0.6530385E+51
 0.3637500E+03  0.7079056E+51
 0.3640000E+03  0.7673826E+51
 0.3642500E+03  0.8318567E+51
 0.3645000E+03  0.9017478E+51
 0.3647500E+03  0.9775110E+51
 0.3650000E+03  0.1059640E+52
 0.3652500E+03  0.1148669E+52
 0.3655000E+03  0.1245178E+52
 0.3657500E+03  0.1349795E+52
 0.3660000E+03  0.1463203E+52
 0.3662500E+03  0.1586138E+52
 0.3665000E+03  0.1719403E+52
 0.3667500E+03  0.1863864E+52
 0.3670000E+03  0.2020462E+52
 0.3672500E+03  0.2190218E+52
 0.3675000E+03  0.2374236E+52
 0.3677500E+03  0.2573715E+52
 0.3680000E+03  0.2789954E+52
 0.3682500E+03  0.3024360E+52
 0.3685000E+03  0.3278461E+52
 0.3687500E+03  0.3553912E+52
 0.3690000E+03  0.3852505E+52
 0.3692500E+03  0.4176185E+52
 0.3695000E+03  0.4527060E+52
 0.3697500E+03  0.4907415E+52
 0.3700000E+03  0.5319727E+52
 0.3702500E+03  0.5766680E+52
 0.3705000E+03  0.6251186E+52
 0.3707500E+03  0.6776399E+52
 0.3710000E+03  0.7345739E+52
 0.3712500E+03  0.7962914E+52
 0.3715000E+03  0.8631943E+52
 0.3717500E+03  0.9357182E+52
 0.3720000E+03  0.1014335E+53
 0.3722500E+03  0.1099558E+53
 0.3725000E+03  0.1191941E+53
 0.3727500E+03  0.1292085E+53
 0.3730000E+03  0.1400644E+53
 0.3732500E+03  0.1518323E+53
 0.3735000E+03  0.1645890E+53
 0.3737500E+03  0.1784174E+53
 0.3740000E+03  0.1934077E+53
 0.3742500E+03  0.2096575E+53
 0.3745000E+03  0.2272725E+53
 0.3747500E+03  0.2463675E+53
 0.3750000E+03  0.2670668E+53
 0.3752500E+03  0.2895052E+53
 0.3755000E+03  0.3138289E+53
 0.3757500E+03  0.3401962E+53
 0.3760000E+03  0.3687788E+53
 0.3762500E+03  0.3997628E+53
 0.3765000E+03  0.4333501E+53
 0.3767500E+03  0.4697594E+53
 0.3770000E+03  0.5092276E+53
 0.3772500E+03  0.5520119E+53
 0.3775000E+03  0.5983908E+53
 0.3777500E+03  0.6486665E+53
 0.3780000E+03  0.7031661E+53
 0.3782500E+03  0.7622447E+53
 0.3785000E+03  0.8262870E+53
 0.3787500E+03  0.8957100E+53
 0.3790000E+03  0.9709658E+53
 0.3792500E+03  0.1052544E+54
 0.3795000E+03  0.1140977E+54
 0.3797500E+03  0.1236840E+54
 0.3800000E+03  0.1340756E+54
 0.3802500E+03  0.1453404E+54
 0.3805000E+03  0.1575516E+54
 0.3807500E+03  0.1707888E+54
 0.3810000E+03  0.1851381E+54
 0.3812500E+03  0.2006930E+54
 0.3815000E+03  0.2175549E+54
 0.3817500E+03  0.2358334E+54
 0.3820000E+03  0.2556476E+54
 0.3822500E+03  0.2771266E+54
 0.3825000E+03  0.3004102E+54
 0.3827500E+03  0.3256501E+54
 0.3830000E+03  0.3530105E+54
 0.3832500E+03  0.3826697E+54
 0.3835000E+03  0.4148209E+54
 0.3837500E+03  0.4496733E+54
 0.3840000E+03  0.4874539E+54
 0.3842500E+03  0.5284087E+54
 0.3845000E+03  0.5728046E+54
 0.3847500E+03  0.6209304E+54
 0.3850000E+03  0.6730997E+54
 0.3852500E+03  0.7296521E+54
 0.3855000E+03  0.7909560E+54
 0.3857500E+03  0.8574105E+54
 0.3860000E+03  0.9294483E+54
 0.3862500E+03  0.1007539E+55
 0.3865000E+03  0.1092190E+55
 0.3867500E+03  0.1183953E+55
 0.3870000E+03  0.1283427E+55
 0.3872500E+03  0.1391258E+55
 0.3875000E+03  0.1508148E+55
 0.3877500E+03  0.1634860E+55
 0.3880000E+03  0.1772217E+55
 0.3882500E+03  0.1921115E+55
 0.3885000E+03  0.2082523E+55
 0.3887500E+03  0.2257492E+55
 0.3890000E+03  0.2447162E+55
 0.3892500E+03  0.2652767E+55
 0.3895000E+03  0.2875647E+55
 0.3897500E+03  0.3117253E+55
 0.3900000E+03  0.3379158E+55
 0.3902500E+03  0.3663067E+55
 0.3905000E+03  0.3970831E+55
 0.3907500E+03  0.4304451E+55
 0.3910000E+03  0.4666102E+55
 0.3912500E+03  0.5058138E+55
 0.3915000E+03  0.5483112E+55
 0.3917500E+03  0.5943791E+55
 0.3920000E+03  0.6443176E+55
 0.3922500E+03  0.6984518E+55
 0.3925000E+03  0.7571342E+55
 0.3927500E+03  0.8207470E+55
 0.3930000E+03  0.8897044E+55
 0.3932500E+03  0.9644554E+55
 0.3935000E+03  0.1045487E+56
 0.3937500E+03  0.1133326E+56
 0.3940000E+03  0.1228546E+56
 0.3942500E+03  0.1331766E+56
 0.3945000E+03  0.1443658E+56
 0.3947500E+03  0.1564951E+56
 0.3950000E+03  0.1696435E+56
 0.3952500E+03  0.1838965E+56
 0.3955000E+03  0.1993471E+56
 0.3957500E+03  0.2160958E+56
 0.3960000E+03  0.2342517E+56
 0.3962500E+03  0.2539331E+56
 0.3965000E+03  0.2752680E+56
 0.3967500E+03  0.2983954E+56
 0.3970000E+03  0.3234659E+56
 0.3972500E+03  0.3506428E+56
 0.3975000E+03  0.3801030E+56
 0.3977500E+03  0.4120385E+56
 0.3980000E+03  0.4466570E+56
 0.3982500E+03  0.4841842E+56
 0.3985000E+03  0.5248643E+56
 0.3987500E+03  0.5689622E+56
 0.3990000E+03  0.6167651E+56
 0.3992500E+03  0.6685844E+56
 0.3995000E+03  0.7247574E+56
 0.3997500E+03  0.7856499E+56
 0.4000000E+03  0.8516584E+56
 0.4002500E+03  0.9232129E+56
 0.4005000E+03  0.1000779E+57
 0.4007500E+03  0.1084862E+57
 0.4010000E+03  0.1176010E+57
 0.4012500E+03  0.1274816E+57
 0.4015000E+03  0.1381923E+57
 0.4017500E+03  0.1498029E+57
 0.4020000E+03  0.1623890E+57
 0.4022500E+03  0.1760326E+57
 0.4025000E+03  0.1908225E+57
 0.4027500E+03  0.2068549E+57
 0.4030000E+03  0.2242344E+57
 0.4032500E+03  0.2430741E+57
 0.4035000E+03  0.2634966E+57
 0.4037500E+03  0.2856350E+57
 0.4040000E+03  0.3096334E+57
 0.4042500E+03  0.3356482E+57
 0.4045000E+03  0.3638486E+57
 0.4047500E+03  0.3944183E+57
 0.4050000E+03  0.4275564E+57
 0.4052500E+03  0.4634788E+57
 0.4055000E+03  0.5024192E+57
 0.4057500E+03  0.5446313E+57
 0.4060000E+03  0.5903900E+57
 0.4062500E+03  0.6399932E+57
 0.4065000E+03  0.6937640E+57
 0.4067500E+03  0.7520525E+57
 0.4070000E+03  0.8152382E+57
 0.4072500E+03  0.8837327E+57
 0.4075000E+03  0.9579819E+57
 0.4077500E+03  0.1038469E+58
 0.4080000E+03  0.1125719E+58
 0.4082500E+03  0.1220300E+58
 0.4085000E+03  0.1322826E+58
 0.4087500E+03  0.1433967E+58
 0.4090000E+03  0.1554446E+58
 0.4092500E+03  0.1685047E+58
 0.4095000E+03  0.1826621E+58
 0.4097500E+03  0.1980089E+58
 0.4100000E+03  0.2146452E+58
 0.4102500E+03  0.2326792E+58
 0.4105000E+03  0.2522283E+58
 0.4107500E+03  0.2734200E+58
 0.4110000E+03  0.2963921E+58
 0.4112500E+03  0.3212943E+58
 0.4115000E+03  0.3482887E+58
 0.4117500E+03  0.3775511E+58
 0.4120000E+03  0.4092721E+58
 0.4122500E+03  0.4436582E+58
 0.4125000E+03  0.4809333E+58
 0.4127500E+03  0.5213402E+58
 0.4130000E+03  0.5651420E+58
 0.4132500E+03  0.6126239E+58
 0.4135000E+03  0.6640952E+58
 0.4137500E+03  0.7198909E+58
 0.4140000E+03  0.7803745E+58
 0.4142500E+03  0.8459397E+58
 0.4145000E+03  0.9170136E+58
 0.4147500E+03  0.9940590E+58
 0.4150000E+03  0.1077578E+59
 0.4152500E+03  0.1168113E+59
 0.4155000E+03  0.1266255E+59
 0.4157500E+03  0.1372643E+59
 0.4160000E+03  0.1487969E+59
 0.4162500E+03  0.1612985E+59
 0.4165000E+03  0.1748504E+59
 0.4167500E+03  0.1895409E+59
 0.4170000E+03  0.2054657E+59
 0.4172500E+03  0.2227285E+59
 0.4175000E+03  0.2414416E+59
 0.4177500E+03  0.2617270E+59
 0.4180000E+03  0.2837167E+59
 0.4182500E+03  0.3075539E+59
 0.4185000E+03  0.3333938E+59
 0.4187500E+03  0.3614048E+59
 0.4190000E+03  0.3917692E+59
 0.4192500E+03  0.4246847E+59
 0.4195000E+03  0.4603657E+59
 0.4197500E+03  0.4990446E+59
 0.4200000E+03  0.5409731E+59
 0.4202500E+03  0.5864244E+59
 0.4205000E+03  0.6356944E+59
 0.4207500E+03  0.6891039E+59
 0.4210000E+03  0.7470008E+59
 0.4212500E+03  0.8097621E+59
 0.4215000E+03  0.8777964E+59
 0.4217500E+03  0.9515467E+59
 0.4220000E+03  0.1031493E+60
 0.4222500E+03  0.1118157E+60
 0.4225000E+03  0.1212102E+60
 0.4227500E+03  0.1313940E+60
 0.4230000E+03  0.1424334E+60
 0.4232500E+03  0.1544003E+60
 0.4235000E+03  0.1673727E+60
 0.4237500E+03  0.1814349E+60
 0.4240000E+03  0.1966787E+60
 0.4242500E+03  0.2132031E+60
 0.4245000E+03  0.2311160E+60
 0.4247500E+03  0.2505338E+60
 0.4250000E+03  0.2715830E+60
 0.4252500E+03  0.2944008E+60
 0.4255000E+03  0.3191356E+60
 0.4257500E+03  0.3459486E+60
 0.4260000E+03  0.3750144E+60
 0.4262500E+03  0.4065222E+60
 0.4265000E+03  0.4406773E+60
 0.4267500E+03  0.4777019E+60
 0.4270000E+03  0.5178373E+60
 0.4272500E+03  0.5613447E+60
 0.4275000E+03  0.6085076E+60
 0.4277500E+03  0.6596329E+60
 0.4280000E+03  0.7150537E+60
 0.4282500E+03  0.7751308E+60
 0.4285000E+03  0.8402554E+60
 0.4287500E+03  0.9108517E+60
 0.4290000E+03  0.9873792E+60
 0.4292500E+03  0.1070336E+61
 0.4295000E+03  0.1160264E+61
 0.4297500E+03  0.1257746E+61
 0.4300000E+03  0.1363419E+61
 0.4302500E+03  0.1477970E+61
 0.4305000E+03  0.1602146E+61
 0.4307500E+03  0.1736754E+61
 0.4310000E+03  0.1882672E+61
 0.4312500E+03  0.2040849E+61
 0.4315000E+03  0.2212317E+61
 0.4317500E+03  0.2398190E+61
 0.4320000E+03  0.2599680E+61
 0.4322500E+03  0.2818099E+61
 0.4325000E+03  0.3054869E+61
 0.4327500E+03  0.3311532E+61
 0.4330000E+03  0.3589759E+61
 0.4332500E+03  0.3891362E+61
 0.4335000E+03  0.4218304E+61
 0.4337500E+03  0.4572716E+61
 0.4340000E+03  0.4956905E+61
 0.4342500E+03  0.5373372E+61
 0.4345000E+03  0.5824829E+61
 0.4347500E+03  0.6314217E+61
 0.4350000E+03  0.6844723E+61
 0.4352500E+03  0.7419800E+61
 0.4355000E+03  0.8043193E+61
 0.4357500E+03  0.8718963E+61
 0.4360000E+03  0.9451509E+61
 0.4362500E+03  0.1024560E+62
 0.4365000E+03  0.1110641E+62
 0.4367500E+03  0.1203955E+62
 0.4370000E+03  0.1305108E+62
 0.4372500E+03  0.1414760E+62
 0.4375000E+03  0.1533625E+62
 0.4377500E+03  0.1662476E+62
 0.4380000E+03  0.1802153E+62
 0.4382500E+03  0.1953566E+62
 0.4385000E+03  0.2117699E+62
 0.4387500E+03  0.2295623E+62
 0.4390000E+03  0.2488496E+62
 0.4392500E+03  0.2697573E+62
 0.4395000E+03  0.2924217E+62
 0.4397500E+03  0.3169903E+62
 0.4400000E+03  0.3436230E+62
 0.4402500E+03  0.3724934E+62
 0.4405000E+03  0.4037893E+62
 0.4407500E+03  0.4377147E+62
 0.4410000E+03  0.4744905E+62
 0.4412500E+03  0.5143560E+62
 0.4415000E+03  0.5575709E+62
 0.4417500E+03  0.6044166E+62
 0.4420000E+03  0.6551982E+62
 0.4422500E+03  0.7102464E+62
 0.4425000E+03  0.7699195E+62
 0.4427500E+03  0.8346063E+62
 0.4430000E+03  0.9047279E+62
 0.4432500E+03  0.9807409E+62
 0.4435000E+03  0.1063140E+63
 0.4437500E+03  0.1152463E+63
 0.4440000E+03  0.1249290E+63
 0.4442500E+03  0.1354252E+63
 0.4445000E+03  0.1468033E+63
 0.4447500E+03  0.1591374E+63
 0.4450000E+03  0.1725077E+63
 0.4452500E+03  0.1870013E+63
 0.4455000E+03  0.2027127E+63
 0.4457500E+03  0.2197442E+63
 0.4460000E+03  0.2382065E+63
 0.4462500E+03  0.2582200E+63
 0.4465000E+03  0.2799151E+63
 0.4467500E+03  0.3034328E+63
 0.4470000E+03  0.3289265E+63
 0.4472500E+03  0.3565621E+63
 0.4475000E+03  0.3865196E+63
 0.4477500E+03  0.4189940E+63
 0.4480000E+03  0.4541968E+63
 0.4482500E+03  0.4923573E+63
 0.4485000E+03  0.5337240E+63
 0.4487500E+03  0.5785661E+63
 0.4490000E+03  0.6271758E+63
 0.4492500E+03  0.6798696E+63
 0.4495000E+03  0.7369905E+63
 0.4497500E+03  0.7989106E+63
 0.4500000E+03  0.8660331E+63
 0.4502500E+03  0.9387951E+63
 0.4505000E+03  0.1017670E+64
 0.4507500E+03  0.1103172E+64
 0.4510000E+03  0.1195858E+64
 0.4512500E+03  0.1296331E+64
 0.4515000E+03  0.1405246E+64
 0.4517500E+03  0.1523311E+64
 0.4520000E+03  0.1651296E+64
 0.4522500E+03  0.1790034E+64
 0.4525000E+03  0.1940428E+64
 0.4527500E+03  0.2103458E+64
 0.4530000E+03  0.2280185E+64
 0.4532500E+03  0.2471760E+64
 0.4535000E+03  0.2679432E+64
 0.4537500E+03  0.2904551E+64
 0.4540000E+03  0.3148584E+64
 0.4542500E+03  0.3413120E+64
 0.4545000E+03  0.3699882E+64
 0.4547500E+03  0.4010737E+64
 0.4550000E+03  0.4347709E+64
 0.4552500E+03  0.4712992E+64
 0.4555000E+03  0.5108966E+64
 0.4557500E+03  0.5538209E+64
 0.4560000E+03  0.6003515E+64
 0.4562500E+03  0.6507916E+64
 0.4565000E+03  0.7054694E+64
 0.4567500E+03  0.7647412E+64
 0.4570000E+03  0.8289928E+64
 0.4572500E+03  0.8986427E+64
 0.4575000E+03  0.9741445E+64
 0.4577500E+03  0.1055990E+65
 0.4580000E+03  0.1144711E+65
 0.4582500E+03  0.1240887E+65
 0.4585000E+03  0.1345143E+65
 0.4587500E+03  0.1458159E+65
 0.4590000E+03  0.1580670E+65
 0.4592500E+03  0.1713474E+65
 0.4595000E+03  0.1857435E+65
 0.4597500E+03  0.2013492E+65
 0.4600000E+03  0.2182661E+65
 0.4602500E+03  0.2366043E+65
 0.4605000E+03  0.2564832E+65
 0.4607500E+03  0.2780322E+65
 0.4610000E+03  0.3013918E+65
 0.4612500E+03  0.3267140E+65
 0.4615000E+03  0.3541637E+65
 0.4617500E+03  0.3839196E+65
 0.4620000E+03  0.4161755E+65
 0.4622500E+03  0.4511416E+65
 0.4625000E+03  0.4890454E+65
 0.4627500E+03  0.5301337E+65
 0.4630000E+03  0.5746742E+65
 0.4632500E+03  0.6229569E+65
 0.4635000E+03  0.6752962E+65
 0.4637500E+03  0.7320328E+65
 0.4640000E+03  0.7935364E+65
 0.4642500E+03  0.8602073E+65
 0.4645000E+03  0.9324798E+65
 0.4647500E+03  0.1010824E+66
 0.4650000E+03  0.1095751E+66
 0.4652500E+03  0.1187814E+66
 0.4655000E+03  0.1287611E+66
 0.4657500E+03  0.1395792E+66
 0.4660000E+03  0.1513063E+66
 0.4662500E+03  0.1640187E+66
 0.4665000E+03  0.1777991E+66
 0.4667500E+03  0.1927374E+66
 0.4670000E+03  0.2089307E+66
 0.4672500E+03  0.2264845E+66
 0.4675000E+03  0.2455132E+66
 0.4677500E+03  0.2661406E+66
 0.4680000E+03  0.2885010E+66
 0.4682500E+03  0.3127402E+66
 0.4685000E+03  0.3390158E+66
 0.4687500E+03  0.3674990E+66
 0.4690000E+03  0.3983754E+66
 0.4692500E+03  0.4318459E+66
 0.4695000E+03  0.4681285E+66
 0.4697500E+03  0.5074594E+66
 0.4700000E+03  0.5500949E+66
 0.4702500E+03  0.5963125E+66
 0.4705000E+03  0.6464131E+66
 0.4707500E+03  0.7007231E+66
 0.4710000E+03  0.7595961E+66
 0.4712500E+03  0.8234154E+66
 0.4715000E+03  0.8925967E+66
 0.4717500E+03  0.9675904E+66
 0.4720000E+03  0.1048885E+67
 0.4722500E+03  0.1137010E+67
 0.4725000E+03  0.1232538E+67
 0.4727500E+03  0.1336093E+67
 0.4730000E+03  0.1448348E+67
 0.4732500E+03  0.1570035E+67
 0.4735000E+03  0.1701945E+67
 0.4737500E+03  0.1844938E+67
 0.4740000E+03  0.1999945E+67
 0.4742500E+03  0.2167975E+67
 0.4745000E+03  0.2350123E+67
 0.4747500E+03  0.2547574E+67
 0.4750000E+03  0.2761615E+67
 0.4752500E+03  0.2993639E+67
 0.4755000E+03  0.3245157E+67
 0.4757500E+03  0.3517807E+67
 0.4760000E+03  0.3813364E+67
 0.4762500E+03  0.4133753E+67
 0.4765000E+03  0.4481060E+67
 0.4767500E+03  0.4857547E+67
 0.4770000E+03  0.5265666E+67
 0.4772500E+03  0.5708074E+67
 0.4775000E+03  0.6187652E+67
 0.4777500E+03  0.6707523E+67
 0.4780000E+03  0.7271072E+67
 0.4782500E+03  0.7881968E+67
 0.4785000E+03  0.8544191E+67
 0.4787500E+03  0.9262052E+67
 0.4790000E+03  0.1004023E+68
 0.4792500E+03  0.1088378E+68
 0.4795000E+03  0.1179821E+68
 0.4797500E+03  0.1278946E+68
 0.4800000E+03  0.1386400E+68
 0.4802500E+03  0.1502882E+68
 0.4805000E+03  0.1629150E+68
 0.4807500E+03  0.1766027E+68
 0.4810000E+03  0.1914404E+68
 0.4812500E+03  0.2075248E+68
 0.4815000E+03  0.2249605E+68
 0.4817500E+03  0.2438611E+68
 0.4820000E+03  0.2643497E+68
 0.4822500E+03  0.2865596E+68
 0.4825000E+03  0.3106356E+68
 0.4827500E+03  0.3367345E+68
 0.4830000E+03  0.3650260E+68
 0.4832500E+03  0.3956946E+68
 0.4835000E+03  0.4289398E+68
 0.4837500E+03  0.4649782E+68
 0.4840000E+03  0.5040445E+68
 0.4842500E+03  0.5463931E+68
 0.4845000E+03  0.5922996E+68
 0.4847500E+03  0.6420631E+68
 0.4850000E+03  0.6960076E+68
 0.4852500E+03  0.7544844E+68
 0.4855000E+03  0.8178742E+68
 0.4857500E+03  0.8865899E+68
 0.4860000E+03  0.9610789E+68
 0.4862500E+03  0.1041826E+69
 0.4865000E+03  0.1129358E+69
 0.4867500E+03  0.1224244E+69
 0.4870000E+03  0.1327101E+69
 0.4872500E+03  0.1438601E+69
 0.4875000E+03  0.1559469E+69
 0.4877500E+03  0.1690491E+69
 0.4880000E+03  0.1832522E+69
 0.4882500E+03  0.1986486E+69
 0.4885000E+03  0.2153385E+69
 0.4887500E+03  0.2334307E+69
 0.4890000E+03  0.2530429E+69
 0.4892500E+03  0.2743030E+69
 0.4895000E+03  0.2973492E+69
 0.4897500E+03  0.3223317E+69
 0.4900000E+03  0.3494132E+69
 0.4902500E+03  0.3787700E+69
 0.4905000E+03  0.4105933E+69
 0.4907500E+03  0.4450903E+69
 0.4910000E+03  0.4824856E+69
 0.4912500E+03  0.5230228E+69
 0.4915000E+03  0.5669658E+69
 0.4917500E+03  0.6146008E+69
 0.4920000E+03  0.6662380E+69
 0.4922500E+03  0.7222136E+69
 0.4925000E+03  0.7828921E+69
 0.4927500E+03  0.8486687E+69
 0.4930000E+03  0.9199717E+69
 0.4932500E+03  0.9972653E+69
 0.4935000E+03  0.1081053E+70
 0.4937500E+03  0.1171880E+70
 0.4940000E+03  0.1270339E+70
 0.4942500E+03  0.1377069E+70
 0.4945000E+03  0.1492767E+70
 0.4947500E+03  0.1618185E+70
 0.4950000E+03  0.1754141E+70
 0.4952500E+03  0.1901520E+70
 0.4955000E+03  0.2061280E+70
 0.4957500E+03  0.2234464E+70
 0.4960000E+03  0.2422198E+70
 0.4962500E+03  0.2625705E+70
 0.4965000E+03  0.2846309E+70
 0.4967500E+03  0.3085449E+70
 0.4970000E+03  0.3344680E+70
 0.4972500E+03  0.3625692E+70
 0.4975000E+03  0.3930313E+70
 0.4977500E+03  0.4260528E+70
 0.4980000E+03  0.4618486E+70
 0.4982500E+03  0.5006520E+70
 0.4985000E+03  0.5427155E+70
 0.4987500E+03  0.5883130E+70
 0.4990000E+03  0.6377415E+70
 0.4992500E+03  0.6913229E+70
 0.4995000E+03  0.7494061E+70
 0.4997500E+03  0.8123693E+70
 0.5000000E+03  0.8806224E+70
