 0.1000000E-02 -0.9989994E+00
 0.2000000E-02 -0.9979978E+00
 0.3000000E-02 -0.9969953E+00
 0.4000000E-02 -0.9959917E+00
 0.5000000E-02 -0.9949871E+00
 0.6000000E-02 -0.9939815E+00
 0.7000000E-02 -0.9929750E+00
 0.8000000E-02 -0.9919674E+00
 0.9000000E-02 -0.9909589E+00
 0.1000000E-01 -0.9899493E+00
 0.1100000E-01 -0.9889388E+00
 0.1200000E-01 -0.9879273E+00
 0.1300000E-01 -0.9869148E+00
 0.1400000E-01 -0.9859013E+00
 0.1500000E-01 -0.9848869E+00
 0.1600000E-01 -0.9838714E+00
 0.1700000E-01 -0.9828550E+00
 0.1800000E-01 -0.9818375E+00
 0.1900000E-01 -0.9808191E+00
 0.2000000E-01 -0.9797998E+00
 0.2100000E-01 -0.9787794E+00
 0.2200000E-01 -0.9777581E+00
 0.2300000E-01 -0.9767357E+00
 0.2400000E-01 -0.9757124E+00
 0.2500000E-01 -0.9746882E+00
 0.2600000E-01 -0.9736629E+00
 0.2700000E-01 -0.9726367E+00
 0.2800000E-01 -0.9716095E+00
 0.2900000E-01 -0.9705814E+00
 0.3000000E-01 -0.9695523E+00
 0.3100000E-01 -0.9685222E+00
 0.3200000E-01 -0.9674911E+00
 0.3300000E-01 -0.9664591E+00
 0.3400000E-01 -0.9654261E+00
 0.3500000E-01 -0.9643921E+00
 0.3600000E-01 -0.9633572E+00
 0.3700000E-01 -0.9623213E+00
 0.3800000E-01 -0.9612844E+00
 0.3900000E-01 -0.9602466E+00
 0.4000000E-01 -0.9592079E+00
 0.4100000E-01 -0.9581681E+00
 0.4200000E-01 -0.9571275E+00
 0.4300000E-01 -0.9560858E+00
 0.4400000E-01 -0.9550432E+00
 0.4500000E-01 -0.9539997E+00
 0.4600000E-01 -0.9529552E+00
 0.4700000E-01 -0.9519097E+00
 0.4800000E-01 -0.9508633E+00
 0.4900000E-01 -0.9498159E+00
 0.5000000E-01 -0.9487676E+00
 0.5100000E-01 -0.9477184E+00
 0.5200000E-01 -0.9466682E+00
 0.5300000E-01 -0.9456170E+00
 0.5400000E-01 -0.9445649E+00
 0.5500000E-01 -0.9435119E+00
 0.5600000E-01 -0.9424579E+00
 0.5700000E-01 -0.9414030E+00
 0.5800000E-01 -0.9403471E+00
 0.5900000E-01 -0.9392903E+00
 0.6000000E-01 -0.9382326E+00
 0.6100000E-01 -0.9371739E+00
 0.6200000E-01 -0.9361143E+00
 0.6300000E-01 -0.9350537E+00
 0.6400000E-01 -0.9339923E+00
 0.6500000E-01 -0.9329298E+00
 0.6600000E-01 -0.9318665E+00
 0.6700000E-01 -0.9308022E+00
 0.6800000E-01 -0.9297370E+00
 0.6900000E-01 -0.9286709E+00
 0.7000000E-01 -0.9276038E+00
 0.7100000E-01 -0.9265358E+00
 0.7200000E-01 -0.9254669E+00
 0.7300000E-01 -0.9243970E+00
 0.7400000E-01 -0.9233263E+00
 0.7500000E-01 -0.9222546E+00
 0.7600000E-01 -0.9211820E+00
 0.7700000E-01 -0.9201084E+00
 0.7800000E-01 -0.9190340E+00
 0.7900000E-01 -0.9179586E+00
 0.8000000E-01 -0.9168823E+00
 0.8100000E-01 -0.9158051E+00
 0.8200000E-01 -0.9147270E+00
 0.8300000E-01 -0.9136479E+00
 0.8400000E-01 -0.9125680E+00
 0.8500000E-01 -0.9114871E+00
 0.8600000E-01 -0.9104054E+00
 0.8700000E-01 -0.9093227E+00
 0.8800000E-01 -0.9082391E+00
 0.8900000E-01 -0.9071546E+00
 0.9000000E-01 -0.9060692E+00
 0.9100000E-01 -0.9049829E+00
 0.9200000E-01 -0.9038957E+00
 0.9300000E-01 -0.9028076E+00
 0.9400000E-01 -0.9017186E+00
 0.9500000E-01 -0.9006286E+00
 0.9600000E-01 -0.8995378E+00
 0.9700000E-01 -0.8984461E+00
 0.9800000E-01 -0.8973535E+00
 0.9900000E-01 -0.8962600E+00
 0.1000000E+00 -0.8951656E+00
 0.1010000E+00 -0.8940703E+00
 0.1020000E+00 -0.8929741E+00
 0.1030000E+00 -0.8918770E+00
 0.1040000E+00 -0.8907790E+00
 0.1050000E+00 -0.8896801E+00
 0.1060000E+00 -0.8885804E+00
 0.1070000E+00 -0.8874797E+00
 0.1080000E+00 -0.8863782E+00
 0.1090000E+00 -0.8852758E+00
 0.1100000E+00 -0.8841725E+00
 0.1110000E+00 -0.8830683E+00
 0.1120000E+00 -0.8819632E+00
 0.1130000E+00 -0.8808573E+00
 0.1140000E+00 -0.8797505E+00
 0.1150000E+00 -0.8786428E+00
 0.1160000E+00 -0.8775342E+00
 0.1170000E+00 -0.8764247E+00
 0.1180000E+00 -0.8753144E+00
 0.1190000E+00 -0.8742032E+00
 0.1200000E+00 -0.8730911E+00
 0.1210000E+00 -0.8719781E+00
 0.1220000E+00 -0.8708643E+00
 0.1230000E+00 -0.8697496E+00
 0.1240000E+00 -0.8686340E+00
 0.1250000E+00 -0.8675176E+00
 0.1260000E+00 -0.8664003E+00
 0.1270000E+00 -0.8652821E+00
 0.1280000E+00 -0.8641631E+00
 0.1290000E+00 -0.8630432E+00
 0.1300000E+00 -0.8619224E+00
 0.1310000E+00 -0.8608008E+00
 0.1320000E+00 -0.8596783E+00
 0.1330000E+00 -0.8585550E+00
 0.1340000E+00 -0.8574308E+00
 0.1350000E+00 -0.8563057E+00
 0.1360000E+00 -0.8551798E+00
 0.1370000E+00 -0.8540531E+00
 0.1380000E+00 -0.8529255E+00
 0.1390000E+00 -0.8517970E+00
 0.1400000E+00 -0.8506677E+00
 0.1410000E+00 -0.8495375E+00
 0.1420000E+00 -0.8484065E+00
 0.1430000E+00 -0.8472746E+00
 0.1440000E+00 -0.8461419E+00
 0.1450000E+00 -0.8450083E+00
 0.1460000E+00 -0.8438739E+00
 0.1470000E+00 -0.8427387E+00
 0.1480000E+00 -0.8416026E+00
 0.1490000E+00 -0.8404657E+00
 0.1500000E+00 -0.8393279E+00
 0.1510000E+00 -0.8381893E+00
 0.1520000E+00 -0.8370499E+00
 0.1530000E+00 -0.8359096E+00
 0.1540000E+00 -0.8347685E+00
 0.1550000E+00 -0.8336265E+00
 0.1560000E+00 -0.8324837E+00
 0.1570000E+00 -0.8313401E+00
 0.1580000E+00 -0.8301957E+00
 0.1590000E+00 -0.8290504E+00
 0.1600000E+00 -0.8279043E+00
 0.1610000E+00 -0.8267574E+00
 0.1620000E+00 -0.8256096E+00
 0.1630000E+00 -0.8244610E+00
 0.1640000E+00 -0.8233116E+00
 0.1650000E+00 -0.8221614E+00
 0.1660000E+00 -0.8210104E+00
 0.1670000E+00 -0.8198585E+00
 0.1680000E+00 -0.8187058E+00
 0.1690000E+00 -0.8175523E+00
 0.1700000E+00 -0.8163980E+00
 0.1710000E+00 -0.8152428E+00
 0.1720000E+00 -0.8140869E+00
 0.1730000E+00 -0.8129301E+00
 0.1740000E+00 -0.8117725E+00
 0.1750000E+00 -0.8106142E+00
 0.1760000E+00 -0.8094550E+00
 0.1770000E+00 -0.8082950E+00
 0.1780000E+00 -0.8071341E+00
 0.1790000E+00 -0.8059725E+00
 0.1800000E+00 -0.8048101E+00
 0.1810000E+00 -0.8036469E+00
 0.1820000E+00 -0.8024828E+00
 0.1830000E+00 -0.8013180E+00
 0.1840000E+00 -0.8001524E+00
 0.1850000E+00 -0.7989859E+00
 0.1860000E+00 -0.7978187E+00
 0.1870000E+00 -0.7966507E+00
 0.1880000E+00 -0.7954818E+00
 0.1890000E+00 -0.7943122E+00
 0.1900000E+00 -0.7931418E+00
 0.1910000E+00 -0.7919706E+00
 0.1920000E+00 -0.7907986E+00
 0.1930000E+00 -0.7896258E+00
 0.1940000E+00 -0.7884522E+00
 0.1950000E+00 -0.7872779E+00
 0.1960000E+00 -0.7861027E+00
 0.1970000E+00 -0.7849268E+00
 0.1980000E+00 -0.7837501E+00
 0.1990000E+00 -0.7825726E+00
 0.2000000E+00 -0.7813943E+00
 0.2010000E+00 -0.7802152E+00
 0.2020000E+00 -0.7790354E+00
 0.2030000E+00 -0.7778548E+00
 0.2040000E+00 -0.7766734E+00
 0.2050000E+00 -0.7754912E+00
 0.2060000E+00 -0.7743082E+00
 0.2070000E+00 -0.7731245E+00
 0.2080000E+00 -0.7719400E+00
 0.2090000E+00 -0.7707548E+00
 0.2100000E+00 -0.7695687E+00
 0.2110000E+00 -0.7683819E+00
 0.2120000E+00 -0.7671943E+00
 0.2130000E+00 -0.7660060E+00
 0.2140000E+00 -0.7648169E+00
 0.2150000E+00 -0.7636270E+00
 0.2160000E+00 -0.7624364E+00
 0.2170000E+00 -0.7612450E+00
 0.2180000E+00 -0.7600529E+00
 0.2190000E+00 -0.7588600E+00
 0.2200000E+00 -0.7576663E+00
 0.2210000E+00 -0.7564719E+00
 0.2220000E+00 -0.7552767E+00
 0.2230000E+00 -0.7540807E+00
 0.2240000E+00 -0.7528840E+00
 0.2250000E+00 -0.7516866E+00
 0.2260000E+00 -0.7504884E+00
 0.2270000E+00 -0.7492895E+00
 0.2280000E+00 -0.7480898E+00
 0.2290000E+00 -0.7468893E+00
 0.2300000E+00 -0.7456882E+00
 0.2310000E+00 -0.7444862E+00
 0.2320000E+00 -0.7432835E+00
 0.2330000E+00 -0.7420801E+00
 0.2340000E+00 -0.7408760E+00
 0.2350000E+00 -0.7396711E+00
 0.2360000E+00 -0.7384654E+00
 0.2370000E+00 -0.7372591E+00
 0.2380000E+00 -0.7360520E+00
 0.2390000E+00 -0.7348441E+00
 0.2400000E+00 -0.7336355E+00
 0.2410000E+00 -0.7324262E+00
 0.2420000E+00 -0.7312162E+00
 0.2430000E+00 -0.7300054E+00
 0.2440000E+00 -0.7287939E+00
 0.2450000E+00 -0.7275817E+00
 0.2460000E+00 -0.7263687E+00
 0.2470000E+00 -0.7251550E+00
 0.2480000E+00 -0.7239406E+00
 0.2490000E+00 -0.7227255E+00
 0.2500000E+00 -0.7215096E+00
 0.2510000E+00 -0.7202931E+00
 0.2520000E+00 -0.7190758E+00
 0.2530000E+00 -0.7178578E+00
 0.2540000E+00 -0.7166390E+00
 0.2550000E+00 -0.7154196E+00
 0.2560000E+00 -0.7141994E+00
 0.2570000E+00 -0.7129786E+00
 0.2580000E+00 -0.7117570E+00
 0.2590000E+00 -0.7105347E+00
 0.2600000E+00 -0.7093117E+00
 0.2610000E+00 -0.7080880E+00
 0.2620000E+00 -0.7068636E+00
 0.2630000E+00 -0.7056384E+00
 0.2640000E+00 -0.7044126E+00
 0.2650000E+00 -0.7031861E+00
 0.2660000E+00 -0.7019588E+00
 0.2670000E+00 -0.7007309E+00
 0.2680000E+00 -0.6995023E+00
 0.2690000E+00 -0.6982729E+00
 0.2700000E+00 -0.6970429E+00
 0.2710000E+00 -0.6958122E+00
 0.2720000E+00 -0.6945807E+00
 0.2730000E+00 -0.6933486E+00
 0.2740000E+00 -0.6921158E+00
 0.2750000E+00 -0.6908823E+00
 0.2760000E+00 -0.6896481E+00
 0.2770000E+00 -0.6884132E+00
 0.2780000E+00 -0.6871777E+00
 0.2790000E+00 -0.6859414E+00
 0.2800000E+00 -0.6847045E+00
 0.2810000E+00 -0.6834668E+00
 0.2820000E+00 -0.6822285E+00
 0.2830000E+00 -0.6809895E+00
 0.2840000E+00 -0.6797499E+00
 0.2850000E+00 -0.6785095E+00
 0.2860000E+00 -0.6772685E+00
 0.2870000E+00 -0.6760268E+00
 0.2880000E+00 -0.6747844E+00
 0.2890000E+00 -0.6735414E+00
 0.2900000E+00 -0.6722977E+00
 0.2910000E+00 -0.6710533E+00
 0.2920000E+00 -0.6698082E+00
 0.2930000E+00 -0.6685625E+00
 0.2940000E+00 -0.6673161E+00
 0.2950000E+00 -0.6660690E+00
 0.2960000E+00 -0.6648213E+00
 0.2970000E+00 -0.6635729E+00
 0.2980000E+00 -0.6623238E+00
 0.2990000E+00 -0.6610741E+00
 0.3000000E+00 -0.6598237E+00
 0.3010000E+00 -0.6585727E+00
 0.3020000E+00 -0.6573210E+00
 0.3030000E+00 -0.6560686E+00
 0.3040000E+00 -0.6548156E+00
 0.3050000E+00 -0.6535619E+00
 0.3060000E+00 -0.6523076E+00
 0.3070000E+00 -0.6510527E+00
 0.3080000E+00 -0.6497970E+00
 0.3090000E+00 -0.6485408E+00
 0.3100000E+00 -0.6472839E+00
 0.3110000E+00 -0.6460263E+00
 0.3120000E+00 -0.6447681E+00
 0.3130000E+00 -0.6435093E+00
 0.3140000E+00 -0.6422498E+00
 0.3150000E+00 -0.6409896E+00
 0.3160000E+00 -0.6397289E+00
 0.3170000E+00 -0.6384674E+00
 0.3180000E+00 -0.6372054E+00
 0.3190000E+00 -0.6359427E+00
 0.3200000E+00 -0.6346794E+00
 0.3210000E+00 -0.6334154E+00
 0.3220000E+00 -0.6321508E+00
 0.3230000E+00 -0.6308856E+00
 0.3240000E+00 -0.6296198E+00
 0.3250000E+00 -0.6283533E+00
 0.3260000E+00 -0.6270862E+00
 0.3270000E+00 -0.6258185E+00
 0.3280000E+00 -0.6245501E+00
 0.3290000E+00 -0.6232811E+00
 0.3300000E+00 -0.6220115E+00
 0.3310000E+00 -0.6207413E+00
 0.3320000E+00 -0.6194705E+00
 0.3330000E+00 -0.6181990E+00
 0.3340000E+00 -0.6169269E+00
 0.3350000E+00 -0.6156542E+00
 0.3360000E+00 -0.6143809E+00
 0.3370000E+00 -0.6131070E+00
 0.3380000E+00 -0.6118325E+00
 0.3390000E+00 -0.6105573E+00
 0.3400000E+00 -0.6092816E+00
 0.3410000E+00 -0.6080052E+00
 0.3420000E+00 -0.6067282E+00
 0.3430000E+00 -0.6054506E+00
 0.3440000E+00 -0.6041725E+00
 0.3450000E+00 -0.6028937E+00
 0.3460000E+00 -0.6016143E+00
 0.3470000E+00 -0.6003343E+00
 0.3480000E+00 -0.5990537E+00
 0.3490000E+00 -0.5977725E+00
 0.3500000E+00 -0.5964907E+00
 0.3510000E+00 -0.5952084E+00
 0.3520000E+00 -0.5939254E+00
 0.3530000E+00 -0.5926418E+00
 0.3540000E+00 -0.5913577E+00
 0.3550000E+00 -0.5900729E+00
 0.3560000E+00 -0.5887876E+00
 0.3570000E+00 -0.5875017E+00
 0.3580000E+00 -0.5862152E+00
 0.3590000E+00 -0.5849281E+00
 0.3600000E+00 -0.5836404E+00
 0.3610000E+00 -0.5823521E+00
 0.3620000E+00 -0.5810633E+00
 0.3630000E+00 -0.5797738E+00
 0.3640000E+00 -0.5784838E+00
 0.3650000E+00 -0.5771933E+00
 0.3660000E+00 -0.5759021E+00
 0.3670000E+00 -0.5746104E+00
 0.3680000E+00 -0.5733181E+00
 0.3690000E+00 -0.5720252E+00
 0.3700000E+00 -0.5707317E+00
 0.3710000E+00 -0.5694377E+00
 0.3720000E+00 -0.5681431E+00
 0.3730000E+00 -0.5668480E+00
 0.3740000E+00 -0.5655523E+00
 0.3750000E+00 -0.5642560E+00
 0.3760000E+00 -0.5629591E+00
 0.3770000E+00 -0.5616617E+00
 0.3780000E+00 -0.5603637E+00
 0.3790000E+00 -0.5590652E+00
 0.3800000E+00 -0.5577661E+00
 0.3810000E+00 -0.5564665E+00
 0.3820000E+00 -0.5551663E+00
 0.3830000E+00 -0.5538655E+00
 0.3840000E+00 -0.5525642E+00
 0.3850000E+00 -0.5512623E+00
 0.3860000E+00 -0.5499599E+00
 0.3870000E+00 -0.5486570E+00
 0.3880000E+00 -0.5473535E+00
 0.3890000E+00 -0.5460494E+00
 0.3900000E+00 -0.5447448E+00
 0.3910000E+00 -0.5434397E+00
 0.3920000E+00 -0.5421340E+00
 0.3930000E+00 -0.5408278E+00
 0.3940000E+00 -0.5395210E+00
 0.3950000E+00 -0.5382137E+00
 0.3960000E+00 -0.5369058E+00
 0.3970000E+00 -0.5355975E+00
 0.3980000E+00 -0.5342885E+00
 0.3990000E+00 -0.5329791E+00
 0.4000000E+00 -0.5316691E+00
 0.4010000E+00 -0.5303586E+00
 0.4020000E+00 -0.5290476E+00
 0.4030000E+00 -0.5277360E+00
 0.4040000E+00 -0.5264239E+00
 0.4050000E+00 -0.5251113E+00
 0.4060000E+00 -0.5237981E+00
 0.4070000E+00 -0.5224845E+00
 0.4080000E+00 -0.5211703E+00
 0.4090000E+00 -0.5198556E+00
 0.4100000E+00 -0.5185404E+00
 0.4110000E+00 -0.5172246E+00
 0.4120000E+00 -0.5159084E+00
 0.4130000E+00 -0.5145916E+00
 0.4140000E+00 -0.5132743E+00
 0.4150000E+00 -0.5119565E+00
 0.4160000E+00 -0.5106382E+00
 0.4170000E+00 -0.5093194E+00
 0.4180000E+00 -0.5080000E+00
 0.4190000E+00 -0.5066802E+00
 0.4200000E+00 -0.5053598E+00
 0.4210000E+00 -0.5040390E+00
 0.4220000E+00 -0.5027176E+00
 0.4230000E+00 -0.5013958E+00
 0.4240000E+00 -0.5000734E+00
 0.4250000E+00 -0.4987506E+00
 0.4260000E+00 -0.4974272E+00
 0.4270000E+00 -0.4961034E+00
 0.4280000E+00 -0.4947790E+00
 0.4290000E+00 -0.4934542E+00
 0.4300000E+00 -0.4921289E+00
 0.4310000E+00 -0.4908031E+00
 0.4320000E+00 -0.4894767E+00
 0.4330000E+00 -0.4881499E+00
 0.4340000E+00 -0.4868227E+00
 0.4350000E+00 -0.4854949E+00
 0.4360000E+00 -0.4841666E+00
 0.4370000E+00 -0.4828379E+00
 0.4380000E+00 -0.4815087E+00
 0.4390000E+00 -0.4801790E+00
 0.4400000E+00 -0.4788488E+00
 0.4410000E+00 -0.4775181E+00
 0.4420000E+00 -0.4761870E+00
 0.4430000E+00 -0.4748554E+00
 0.4440000E+00 -0.4735233E+00
 0.4450000E+00 -0.4721907E+00
 0.4460000E+00 -0.4708577E+00
 0.4470000E+00 -0.4695242E+00
 0.4480000E+00 -0.4681903E+00
 0.4490000E+00 -0.4668558E+00
 0.4500000E+00 -0.4655209E+00
 0.4510000E+00 -0.4641856E+00
 0.4520000E+00 -0.4628497E+00
 0.4530000E+00 -0.4615134E+00
 0.4540000E+00 -0.4601767E+00
 0.4550000E+00 -0.4588395E+00
 0.4560000E+00 -0.4575018E+00
 0.4570000E+00 -0.4561637E+00
 0.4580000E+00 -0.4548251E+00
 0.4590000E+00 -0.4534861E+00
 0.4600000E+00 -0.4521466E+00
 0.4610000E+00 -0.4508067E+00
 0.4620000E+00 -0.4494663E+00
 0.4630000E+00 -0.4481254E+00
 0.4640000E+00 -0.4467841E+00
 0.4650000E+00 -0.4454424E+00
 0.4660000E+00 -0.4441002E+00
 0.4670000E+00 -0.4427576E+00
 0.4680000E+00 -0.4414146E+00
 0.4690000E+00 -0.4400711E+00
 0.4700000E+00 -0.4387271E+00
 0.4710000E+00 -0.4373828E+00
 0.4720000E+00 -0.4360380E+00
 0.4730000E+00 -0.4346927E+00
 0.4740000E+00 -0.4333470E+00
 0.4750000E+00 -0.4320009E+00
 0.4760000E+00 -0.4306544E+00
 0.4770000E+00 -0.4293074E+00
 0.4780000E+00 -0.4279600E+00
 0.4790000E+00 -0.4266122E+00
 0.4800000E+00 -0.4252639E+00
 0.4810000E+00 -0.4239152E+00
 0.4820000E+00 -0.4225661E+00
 0.4830000E+00 -0.4212166E+00
 0.4840000E+00 -0.4198667E+00
 0.4850000E+00 -0.4185163E+00
 0.4860000E+00 -0.4171655E+00
 0.4870000E+00 -0.4158143E+00
 0.4880000E+00 -0.4144627E+00
 0.4890000E+00 -0.4131107E+00
 0.4900000E+00 -0.4117583E+00
 0.4910000E+00 -0.4104054E+00
 0.4920000E+00 -0.4090522E+00
 0.4930000E+00 -0.4076985E+00
 0.4940000E+00 -0.4063444E+00
 0.4950000E+00 -0.4049899E+00
 0.4960000E+00 -0.4036351E+00
 0.4970000E+00 -0.4022798E+00
 0.4980000E+00 -0.4009241E+00
 0.4990000E+00 -0.3995680E+00
 0.5000000E+00 -0.3982115E+00
 0.5010000E+00 -0.3968546E+00
 0.5020000E+00 -0.3954974E+00
 0.5030000E+00 -0.3941397E+00
 0.5040000E+00 -0.3927816E+00
 0.5050000E+00 -0.3914232E+00
 0.5060000E+00 -0.3900643E+00
 0.5070000E+00 -0.3887051E+00
 0.5080000E+00 -0.3873455E+00
 0.5090000E+00 -0.3859855E+00
 0.5100000E+00 -0.3846251E+00
 0.5110000E+00 -0.3832643E+00
 0.5120000E+00 -0.3819031E+00
 0.5130000E+00 -0.3805416E+00
 0.5140000E+00 -0.3791797E+00
 0.5150000E+00 -0.3778174E+00
 0.5160000E+00 -0.3764547E+00
 0.5170000E+00 -0.3750916E+00
 0.5180000E+00 -0.3737282E+00
 0.5190000E+00 -0.3723644E+00
 0.5200000E+00 -0.3710002E+00
 0.5210000E+00 -0.3696357E+00
 0.5220000E+00 -0.3682708E+00
 0.5230000E+00 -0.3669055E+00
 0.5240000E+00 -0.3655399E+00
 0.5250000E+00 -0.3641739E+00
 0.5260000E+00 -0.3628075E+00
 0.5270000E+00 -0.3614408E+00
 0.5280000E+00 -0.3600737E+00
 0.5290000E+00 -0.3587062E+00
 0.5300000E+00 -0.3573384E+00
 0.5310000E+00 -0.3559702E+00
 0.5320000E+00 -0.3546017E+00
 0.5330000E+00 -0.3532329E+00
 0.5340000E+00 -0.3518636E+00
 0.5350000E+00 -0.3504940E+00
 0.5360000E+00 -0.3491241E+00
 0.5370000E+00 -0.3477538E+00
 0.5380000E+00 -0.3463832E+00
 0.5390000E+00 -0.3450123E+00
 0.5400000E+00 -0.3436409E+00
 0.5410000E+00 -0.3422693E+00
 0.5420000E+00 -0.3408973E+00
 0.5430000E+00 -0.3395250E+00
 0.5440000E+00 -0.3381523E+00
 0.5450000E+00 -0.3367793E+00
 0.5460000E+00 -0.3354059E+00
 0.5470000E+00 -0.3340323E+00
 0.5480000E+00 -0.3326582E+00
 0.5490000E+00 -0.3312839E+00
 0.5500000E+00 -0.3299092E+00
 0.5510000E+00 -0.3285342E+00
 0.5520000E+00 -0.3271589E+00
 0.5530000E+00 -0.3257832E+00
 0.5540000E+00 -0.3244072E+00
 0.5550000E+00 -0.3230309E+00
 0.5560000E+00 -0.3216543E+00
 0.5570000E+00 -0.3202774E+00
 0.5580000E+00 -0.3189001E+00
 0.5590000E+00 -0.3175225E+00
 0.5600000E+00 -0.3161446E+00
 0.5610000E+00 -0.3147664E+00
 0.5620000E+00 -0.3133878E+00
 0.5630000E+00 -0.3120090E+00
 0.5640000E+00 -0.3106298E+00
 0.5650000E+00 -0.3092504E+00
 0.5660000E+00 -0.3078706E+00
 0.5670000E+00 -0.3064905E+00
 0.5680000E+00 -0.3051101E+00
 0.5690000E+00 -0.3037294E+00
 0.5700000E+00 -0.3023485E+00
 0.5710000E+00 -0.3009672E+00
 0.5720000E+00 -0.2995856E+00
 0.5730000E+00 -0.2982037E+00
 0.5740000E+00 -0.2968215E+00
 0.5750000E+00 -0.2954390E+00
 0.5760000E+00 -0.2940562E+00
 0.5770000E+00 -0.2926731E+00
 0.5780000E+00 -0.2912898E+00
 0.5790000E+00 -0.2899061E+00
 0.5800000E+00 -0.2885222E+00
 0.5810000E+00 -0.2871380E+00
 0.5820000E+00 -0.2857534E+00
 0.5830000E+00 -0.2843686E+00
 0.5840000E+00 -0.2829835E+00
 0.5850000E+00 -0.2815982E+00
 0.5860000E+00 -0.2802125E+00
 0.5870000E+00 -0.2788266E+00
 0.5880000E+00 -0.2774404E+00
 0.5890000E+00 -0.2760539E+00
 0.5900000E+00 -0.2746672E+00
 0.5910000E+00 -0.2732801E+00
 0.5920000E+00 -0.2718928E+00
 0.5930000E+00 -0.2705052E+00
 0.5940000E+00 -0.2691174E+00
 0.5950000E+00 -0.2677293E+00
 0.5960000E+00 -0.2663409E+00
 0.5970000E+00 -0.2649523E+00
 0.5980000E+00 -0.2635634E+00
 0.5990000E+00 -0.2621742E+00
 0.6000000E+00 -0.2607848E+00
 0.6010000E+00 -0.2593951E+00
 0.6020000E+00 -0.2580051E+00
 0.6030000E+00 -0.2566149E+00
 0.6040000E+00 -0.2552244E+00
 0.6050000E+00 -0.2538337E+00
 0.6060000E+00 -0.2524428E+00
 0.6070000E+00 -0.2510515E+00
 0.6080000E+00 -0.2496601E+00
 0.6090000E+00 -0.2482684E+00
 0.6100000E+00 -0.2468764E+00
 0.6110000E+00 -0.2454842E+00
 0.6120000E+00 -0.2440917E+00
 0.6130000E+00 -0.2426990E+00
 0.6140000E+00 -0.2413061E+00
 0.6150000E+00 -0.2399129E+00
 0.6160000E+00 -0.2385195E+00
 0.6170000E+00 -0.2371258E+00
 0.6180000E+00 -0.2357319E+00
 0.6190000E+00 -0.2343378E+00
 0.6200000E+00 -0.2329434E+00
 0.6210000E+00 -0.2315488E+00
 0.6220000E+00 -0.2301540E+00
 0.6230000E+00 -0.2287589E+00
 0.6240000E+00 -0.2273637E+00
 0.6250000E+00 -0.2259682E+00
 0.6260000E+00 -0.2245724E+00
 0.6270000E+00 -0.2231765E+00
 0.6280000E+00 -0.2217803E+00
 0.6290000E+00 -0.2203839E+00
 0.6300000E+00 -0.2189873E+00
 0.6310000E+00 -0.2175904E+00
 0.6320000E+00 -0.2161934E+00
 0.6330000E+00 -0.2147961E+00
 0.6340000E+00 -0.2133986E+00
 0.6350000E+00 -0.2120009E+00
 0.6360000E+00 -0.2106030E+00
 0.6370000E+00 -0.2092049E+00
 0.6380000E+00 -0.2078066E+00
 0.6390000E+00 -0.2064080E+00
 0.6400000E+00 -0.2050093E+00
 0.6410000E+00 -0.2036104E+00
 0.6420000E+00 -0.2022112E+00
 0.6430000E+00 -0.2008119E+00
 0.6440000E+00 -0.1994123E+00
 0.6450000E+00 -0.1980126E+00
 0.6460000E+00 -0.1966127E+00
 0.6470000E+00 -0.1952125E+00
 0.6480000E+00 -0.1938122E+00
 0.6490000E+00 -0.1924117E+00
 0.6500000E+00 -0.1910109E+00
 0.6510000E+00 -0.1896100E+00
 0.6520000E+00 -0.1882090E+00
 0.6530000E+00 -0.1868077E+00
 0.6540000E+00 -0.1854062E+00
 0.6550000E+00 -0.1840046E+00
 0.6560000E+00 -0.1826027E+00
 0.6570000E+00 -0.1812007E+00
 0.6580000E+00 -0.1797985E+00
 0.6590000E+00 -0.1783961E+00
 0.6600000E+00 -0.1769936E+00
 0.6610000E+00 -0.1755909E+00
 0.6620000E+00 -0.1741880E+00
 0.6630000E+00 -0.1727849E+00
 0.6640000E+00 -0.1713816E+00
 0.6650000E+00 -0.1699782E+00
 0.6660000E+00 -0.1685746E+00
 0.6670000E+00 -0.1671709E+00
 0.6680000E+00 -0.1657670E+00
 0.6690000E+00 -0.1643629E+00
 0.6700000E+00 -0.1629586E+00
 0.6710000E+00 -0.1615542E+00
 0.6720000E+00 -0.1601497E+00
 0.6730000E+00 -0.1587449E+00
 0.6740000E+00 -0.1573400E+00
 0.6750000E+00 -0.1559350E+00
 0.6760000E+00 -0.1545298E+00
 0.6770000E+00 -0.1531244E+00
 0.6780000E+00 -0.1517189E+00
 0.6790000E+00 -0.1503133E+00
 0.6800000E+00 -0.1489075E+00
 0.6810000E+00 -0.1475015E+00
 0.6820000E+00 -0.1460954E+00
 0.6830000E+00 -0.1446892E+00
 0.6840000E+00 -0.1432828E+00
 0.6850000E+00 -0.1418763E+00
 0.6860000E+00 -0.1404696E+00
 0.6870000E+00 -0.1390628E+00
 0.6880000E+00 -0.1376558E+00
 0.6890000E+00 -0.1362488E+00
 0.6900000E+00 -0.1348415E+00
 0.6910000E+00 -0.1334342E+00
 0.6920000E+00 -0.1320267E+00
 0.6930000E+00 -0.1306191E+00
 0.6940000E+00 -0.1292113E+00
 0.6950000E+00 -0.1278035E+00
 0.6960000E+00 -0.1263955E+00
 0.6970000E+00 -0.1249873E+00
 0.6980000E+00 -0.1235791E+00
 0.6990000E+00 -0.1221707E+00
 0.7000000E+00 -0.1207622E+00
 0.7010000E+00 -0.1193536E+00
 0.7020000E+00 -0.1179449E+00
 0.7030000E+00 -0.1165360E+00
 0.7040000E+00 -0.1151270E+00
 0.7050000E+00 -0.1137180E+00
 0.7060000E+00 -0.1123088E+00
 0.7070000E+00 -0.1108995E+00
 0.7080000E+00 -0.1094901E+00
 0.7090000E+00 -0.1080805E+00
 0.7100000E+00 -0.1066709E+00
 0.7110000E+00 -0.1052612E+00
 0.7120000E+00 -0.1038513E+00
 0.7130000E+00 -0.1024414E+00
 0.7140000E+00 -0.1010313E+00
 0.7150000E+00 -0.9962120E-01
 0.7160000E+00 -0.9821096E-01
 0.7170000E+00 -0.9680062E-01
 0.7180000E+00 -0.9539019E-01
 0.7190000E+00 -0.9397966E-01
 0.7200000E+00 -0.9256904E-01
 0.7210000E+00 -0.9115832E-01
 0.7220000E+00 -0.8974752E-01
 0.7230000E+00 -0.8833663E-01
 0.7240000E+00 -0.8692565E-01
 0.7250000E+00 -0.8551458E-01
 0.7260000E+00 -0.8410343E-01
 0.7270000E+00 -0.8269220E-01
 0.7280000E+00 -0.8128088E-01
 0.7290000E+00 -0.7986948E-01
 0.7300000E+00 -0.7845801E-01
 0.7310000E+00 -0.7704646E-01
 0.7320000E+00 -0.7563483E-01
 0.7330000E+00 -0.7422313E-01
 0.7340000E+00 -0.7281135E-01
 0.7350000E+00 -0.7139950E-01
 0.7360000E+00 -0.6998759E-01
 0.7370000E+00 -0.6857560E-01
 0.7380000E+00 -0.6716355E-01
 0.7390000E+00 -0.6575142E-01
 0.7400000E+00 -0.6433924E-01
 0.7410000E+00 -0.6292699E-01
 0.7420000E+00 -0.6151468E-01
 0.7430000E+00 -0.6010231E-01
 0.7440000E+00 -0.5868988E-01
 0.7450000E+00 -0.5727739E-01
 0.7460000E+00 -0.5586485E-01
 0.7470000E+00 -0.5445225E-01
 0.7480000E+00 -0.5303960E-01
 0.7490000E+00 -0.5162689E-01
 0.7500000E+00 -0.5021414E-01
 0.7510000E+00 -0.4880133E-01
 0.7520000E+00 -0.4738848E-01
 0.7530000E+00 -0.4597558E-01
 0.7540000E+00 -0.4456264E-01
 0.7550000E+00 -0.4314965E-01
 0.7560000E+00 -0.4173662E-01
 0.7570000E+00 -0.4032355E-01
 0.7580000E+00 -0.3891044E-01
 0.7590000E+00 -0.3749729E-01
 0.7600000E+00 -0.3608411E-01
 0.7610000E+00 -0.3467089E-01
 0.7620000E+00 -0.3325764E-01
 0.7630000E+00 -0.3184436E-01
 0.7640000E+00 -0.3043104E-01
 0.7650000E+00 -0.2901770E-01
 0.7660000E+00 -0.2760432E-01
 0.7670000E+00 -0.2619092E-01
 0.7680000E+00 -0.2477750E-01
 0.7690000E+00 -0.2336405E-01
 0.7700000E+00 -0.2195058E-01
 0.7710000E+00 -0.2053709E-01
 0.7720000E+00 -0.1912358E-01
 0.7730000E+00 -0.1771005E-01
 0.7740000E+00 -0.1629650E-01
 0.7750000E+00 -0.1488294E-01
 0.7760000E+00 -0.1346936E-01
 0.7770000E+00 -0.1205578E-01
 0.7780000E+00 -0.1064218E-01
 0.7790000E+00 -0.9228569E-02
 0.7800000E+00 -0.7814953E-02
 0.7810000E+00 -0.6401329E-02
 0.7820000E+00 -0.4987700E-02
 0.7830000E+00 -0.3574068E-02
 0.7840000E+00 -0.2160432E-02
 0.7850000E+00 -0.7467958E-03
 0.7860000E+00  0.6668405E-03
 0.7870000E+00  0.2080475E-02
 0.7880000E+00  0.3494107E-02
 0.7890000E+00  0.4907733E-02
 0.7900000E+00  0.6321355E-02
 0.7910000E+00  0.7734968E-02
 0.7920000E+00  0.9148573E-02
 0.7930000E+00  0.1056217E-01
 0.7940000E+00  0.1197575E-01
 0.7950000E+00  0.1338932E-01
 0.7960000E+00  0.1480288E-01
 0.7970000E+00  0.1621642E-01
 0.7980000E+00  0.1762994E-01
 0.7990000E+00  0.1904344E-01
 0.8000000E+00  0.2045693E-01
 0.8010000E+00  0.2187039E-01
 0.8020000E+00  0.2328383E-01
 0.8030000E+00  0.2469725E-01
 0.8040000E+00  0.2611064E-01
 0.8050000E+00  0.2752400E-01
 0.8060000E+00  0.2893733E-01
 0.8070000E+00  0.3035064E-01
 0.8080000E+00  0.3176391E-01
 0.8090000E+00  0.3317715E-01
 0.8100000E+00  0.3459036E-01
 0.8110000E+00  0.3600353E-01
 0.8120000E+00  0.3741666E-01
 0.8130000E+00  0.3882976E-01
 0.8140000E+00  0.4024281E-01
 0.8150000E+00  0.4165582E-01
 0.8160000E+00  0.4306880E-01
 0.8170000E+00  0.4448172E-01
 0.8180000E+00  0.4589460E-01
 0.8190000E+00  0.4730744E-01
 0.8200000E+00  0.4872022E-01
 0.8210000E+00  0.5013296E-01
 0.8220000E+00  0.5154565E-01
 0.8230000E+00  0.5295828E-01
 0.8240000E+00  0.5437086E-01
 0.8250000E+00  0.5578338E-01
 0.8260000E+00  0.5719585E-01
 0.8270000E+00  0.5860826E-01
 0.8280000E+00  0.6002061E-01
 0.8290000E+00  0.6143290E-01
 0.8300000E+00  0.6284512E-01
 0.8310000E+00  0.6425728E-01
 0.8320000E+00  0.6566938E-01
 0.8330000E+00  0.6708141E-01
 0.8340000E+00  0.6849337E-01
 0.8350000E+00  0.6990526E-01
 0.8360000E+00  0.7131708E-01
 0.8370000E+00  0.7272883E-01
 0.8380000E+00  0.7414051E-01
 0.8390000E+00  0.7555211E-01
 0.8400000E+00  0.7696363E-01
 0.8410000E+00  0.7837508E-01
 0.8420000E+00  0.7978644E-01
 0.8430000E+00  0.8119773E-01
 0.8440000E+00  0.8260893E-01
 0.8450000E+00  0.8402005E-01
 0.8460000E+00  0.8543109E-01
 0.8470000E+00  0.8684203E-01
 0.8480000E+00  0.8825289E-01
 0.8490000E+00  0.8966366E-01
 0.8500000E+00  0.9107435E-01
 0.8510000E+00  0.9248493E-01
 0.8520000E+00  0.9389543E-01
 0.8530000E+00  0.9530583E-01
 0.8540000E+00  0.9671613E-01
 0.8550000E+00  0.9812634E-01
 0.8560000E+00  0.9953644E-01
 0.8570000E+00  0.1009465E+00
 0.8580000E+00  0.1023564E+00
 0.8590000E+00  0.1037662E+00
 0.8600000E+00  0.1051759E+00
 0.8610000E+00  0.1065854E+00
 0.8620000E+00  0.1079949E+00
 0.8630000E+00  0.1094043E+00
 0.8640000E+00  0.1108136E+00
 0.8650000E+00  0.1122227E+00
 0.8660000E+00  0.1136317E+00
 0.8670000E+00  0.1150407E+00
 0.8680000E+00  0.1164495E+00
 0.8690000E+00  0.1178582E+00
 0.8700000E+00  0.1192667E+00
 0.8710000E+00  0.1206752E+00
 0.8720000E+00  0.1220835E+00
 0.8730000E+00  0.1234917E+00
 0.8740000E+00  0.1248998E+00
 0.8750000E+00  0.1263078E+00
 0.8760000E+00  0.1277156E+00
 0.8770000E+00  0.1291233E+00
 0.8780000E+00  0.1305309E+00
 0.8790000E+00  0.1319383E+00
 0.8800000E+00  0.1333456E+00
 0.8810000E+00  0.1347528E+00
 0.8820000E+00  0.1361598E+00
 0.8830000E+00  0.1375667E+00
 0.8840000E+00  0.1389735E+00
 0.8850000E+00  0.1403801E+00
 0.8860000E+00  0.1417866E+00
 0.8870000E+00  0.1431929E+00
 0.8880000E+00  0.1445991E+00
 0.8890000E+00  0.1460051E+00
 0.8900000E+00  0.1474110E+00
 0.8910000E+00  0.1488168E+00
 0.8920000E+00  0.1502224E+00
 0.8930000E+00  0.1516278E+00
 0.8940000E+00  0.1530331E+00
 0.8950000E+00  0.1544383E+00
 0.8960000E+00  0.1558433E+00
 0.8970000E+00  0.1572481E+00
 0.8980000E+00  0.1586528E+00
 0.8990000E+00  0.1600573E+00
 0.9000000E+00  0.1614616E+00
 0.9010000E+00  0.1628658E+00
 0.9020000E+00  0.1642698E+00
 0.9030000E+00  0.1656737E+00
 0.9040000E+00  0.1670774E+00
 0.9050000E+00  0.1684809E+00
 0.9060000E+00  0.1698843E+00
 0.9070000E+00  0.1712874E+00
 0.9080000E+00  0.1726905E+00
 0.9090000E+00  0.1740933E+00
 0.9100000E+00  0.1754960E+00
 0.9110000E+00  0.1768984E+00
 0.9120000E+00  0.1783007E+00
 0.9130000E+00  0.1797029E+00
 0.9140000E+00  0.1811048E+00
 0.9150000E+00  0.1825066E+00
 0.9160000E+00  0.1839082E+00
 0.9170000E+00  0.1853096E+00
 0.9180000E+00  0.1867108E+00
 0.9190000E+00  0.1881118E+00
 0.9200000E+00  0.1895126E+00
 0.9210000E+00  0.1909133E+00
 0.9220000E+00  0.1923137E+00
 0.9230000E+00  0.1937140E+00
 0.9240000E+00  0.1951141E+00
 0.9250000E+00  0.1965139E+00
 0.9260000E+00  0.1979136E+00
 0.9270000E+00  0.1993131E+00
 0.9280000E+00  0.2007123E+00
 0.9290000E+00  0.2021114E+00
 0.9300000E+00  0.2035103E+00
 0.9310000E+00  0.2049089E+00
 0.9320000E+00  0.2063074E+00
 0.9330000E+00  0.2077057E+00
 0.9340000E+00  0.2091037E+00
 0.9350000E+00  0.2105015E+00
 0.9360000E+00  0.2118991E+00
 0.9370000E+00  0.2132966E+00
 0.9380000E+00  0.2146937E+00
 0.9390000E+00  0.2160907E+00
 0.9400000E+00  0.2174875E+00
 0.9410000E+00  0.2188840E+00
 0.9420000E+00  0.2202803E+00
 0.9430000E+00  0.2216764E+00
 0.9440000E+00  0.2230723E+00
 0.9450000E+00  0.2244680E+00
 0.9460000E+00  0.2258634E+00
 0.9470000E+00  0.2272586E+00
 0.9480000E+00  0.2286536E+00
 0.9490000E+00  0.2300483E+00
 0.9500000E+00  0.2314428E+00
 0.9510000E+00  0.2328371E+00
 0.9520000E+00  0.2342311E+00
 0.9530000E+00  0.2356250E+00
 0.9540000E+00  0.2370185E+00
 0.9550000E+00  0.2384119E+00
 0.9560000E+00  0.2398050E+00
 0.9570000E+00  0.2411978E+00
 0.9580000E+00  0.2425904E+00
 0.9590000E+00  0.2439828E+00
 0.9600000E+00  0.2453749E+00
 0.9610000E+00  0.2467668E+00
 0.9620000E+00  0.2481584E+00
 0.9630000E+00  0.2495498E+00
 0.9640000E+00  0.2509409E+00
 0.9650000E+00  0.2523318E+00
 0.9660000E+00  0.2537224E+00
 0.9670000E+00  0.2551128E+00
 0.9680000E+00  0.2565029E+00
 0.9690000E+00  0.2578928E+00
 0.9700000E+00  0.2592824E+00
 0.9710000E+00  0.2606717E+00
 0.9720000E+00  0.2620608E+00
 0.9730000E+00  0.2634496E+00
 0.9740000E+00  0.2648382E+00
 0.9750000E+00  0.2662264E+00
 0.9760000E+00  0.2676145E+00
 0.9770000E+00  0.2690022E+00
 0.9780000E+00  0.2703897E+00
 0.9790000E+00  0.2717769E+00
 0.9800000E+00  0.2731638E+00
 0.9810000E+00  0.2745505E+00
 0.9820000E+00  0.2759369E+00
 0.9830000E+00  0.2773230E+00
 0.9840000E+00  0.2787088E+00
 0.9850000E+00  0.2800943E+00
 0.9860000E+00  0.2814796E+00
 0.9870000E+00  0.2828646E+00
 0.9880000E+00  0.2842493E+00
 0.9890000E+00  0.2856337E+00
 0.9900000E+00  0.2870178E+00
 0.9910000E+00  0.2884017E+00
 0.9920000E+00  0.2897852E+00
 0.9930000E+00  0.2911685E+00
 0.9940000E+00  0.2925515E+00
 0.9950000E+00  0.2939341E+00
 0.9960000E+00  0.2953165E+00
 0.9970000E+00  0.2966986E+00
 0.9980000E+00  0.2980804E+00
 0.9990000E+00  0.2994619E+00
 0.1000000E+01  0.3008431E+00
 0.1001000E+01  0.3022240E+00
 0.1002000E+01  0.3036045E+00
 0.1003000E+01  0.3049848E+00
 0.1004000E+01  0.3063648E+00
 0.1005000E+01  0.3077444E+00
 0.1006000E+01  0.3091238E+00
 0.1007000E+01  0.3105028E+00
 0.1008000E+01  0.3118816E+00
 0.1009000E+01  0.3132600E+00
 0.1010000E+01  0.3146381E+00
 0.1011000E+01  0.3160159E+00
 0.1012000E+01  0.3173934E+00
 0.1013000E+01  0.3187705E+00
 0.1014000E+01  0.3201474E+00
 0.1015000E+01  0.3215239E+00
 0.1016000E+01  0.3229001E+00
 0.1017000E+01  0.3242759E+00
 0.1018000E+01  0.3256515E+00
 0.1019000E+01  0.3270267E+00
 0.1020000E+01  0.3284016E+00
 0.1021000E+01  0.3297761E+00
 0.1022000E+01  0.3311504E+00
 0.1023000E+01  0.3325243E+00
 0.1024000E+01  0.3338978E+00
 0.1025000E+01  0.3352711E+00
 0.1026000E+01  0.3366440E+00
 0.1027000E+01  0.3380165E+00
 0.1028000E+01  0.3393887E+00
 0.1029000E+01  0.3407606E+00
 0.1030000E+01  0.3421321E+00
 0.1031000E+01  0.3435033E+00
 0.1032000E+01  0.3448742E+00
 0.1033000E+01  0.3462447E+00
 0.1034000E+01  0.3476148E+00
 0.1035000E+01  0.3489846E+00
 0.1036000E+01  0.3503541E+00
 0.1037000E+01  0.3517232E+00
 0.1038000E+01  0.3530919E+00
 0.1039000E+01  0.3544603E+00
 0.1040000E+01  0.3558284E+00
 0.1041000E+01  0.3571960E+00
 0.1042000E+01  0.3585634E+00
 0.1043000E+01  0.3599303E+00
 0.1044000E+01  0.3612969E+00
 0.1045000E+01  0.3626632E+00
 0.1046000E+01  0.3640291E+00
 0.1047000E+01  0.3653946E+00
 0.1048000E+01  0.3667597E+00
 0.1049000E+01  0.3681245E+00
 0.1050000E+01  0.3694889E+00
 0.1051000E+01  0.3708530E+00
 0.1052000E+01  0.3722166E+00
 0.1053000E+01  0.3735799E+00
 0.1054000E+01  0.3749428E+00
 0.1055000E+01  0.3763054E+00
 0.1056000E+01  0.3776676E+00
 0.1057000E+01  0.3790293E+00
 0.1058000E+01  0.3803908E+00
 0.1059000E+01  0.3817518E+00
 0.1060000E+01  0.3831124E+00
 0.1061000E+01  0.3844727E+00
 0.1062000E+01  0.3858326E+00
 0.1063000E+01  0.3871921E+00
 0.1064000E+01  0.3885512E+00
 0.1065000E+01  0.3899099E+00
 0.1066000E+01  0.3912682E+00
 0.1067000E+01  0.3926261E+00
 0.1068000E+01  0.3939836E+00
 0.1069000E+01  0.3953408E+00
 0.1070000E+01  0.3966975E+00
 0.1071000E+01  0.3980539E+00
 0.1072000E+01  0.3994098E+00
 0.1073000E+01  0.4007654E+00
 0.1074000E+01  0.4021205E+00
 0.1075000E+01  0.4034753E+00
 0.1076000E+01  0.4048296E+00
 0.1077000E+01  0.4061835E+00
 0.1078000E+01  0.4075370E+00
 0.1079000E+01  0.4088902E+00
 0.1080000E+01  0.4102429E+00
 0.1081000E+01  0.4115952E+00
 0.1082000E+01  0.4129470E+00
 0.1083000E+01  0.4142985E+00
 0.1084000E+01  0.4156496E+00
 0.1085000E+01  0.4170002E+00
 0.1086000E+01  0.4183504E+00
 0.1087000E+01  0.4197002E+00
 0.1088000E+01  0.4210496E+00
 0.1089000E+01  0.4223985E+00
 0.1090000E+01  0.4237471E+00
 0.1091000E+01  0.4250952E+00
 0.1092000E+01  0.4264429E+00
 0.1093000E+01  0.4277901E+00
 0.1094000E+01  0.4291370E+00
 0.1095000E+01  0.4304833E+00
 0.1096000E+01  0.4318293E+00
 0.1097000E+01  0.4331748E+00
 0.1098000E+01  0.4345199E+00
 0.1099000E+01  0.4358646E+00
 0.1100000E+01  0.4372088E+00
 0.1101000E+01  0.4385526E+00
 0.1102000E+01  0.4398960E+00
 0.1103000E+01  0.4412389E+00
 0.1104000E+01  0.4425813E+00
 0.1105000E+01  0.4439234E+00
 0.1106000E+01  0.4452649E+00
 0.1107000E+01  0.4466061E+00
 0.1108000E+01  0.4479467E+00
 0.1109000E+01  0.4492870E+00
 0.1110000E+01  0.4506268E+00
 0.1111000E+01  0.4519661E+00
 0.1112000E+01  0.4533050E+00
 0.1113000E+01  0.4546434E+00
 0.1114000E+01  0.4559814E+00
 0.1115000E+01  0.4573189E+00
 0.1116000E+01  0.4586559E+00
 0.1117000E+01  0.4599925E+00
 0.1118000E+01  0.4613287E+00
 0.1119000E+01  0.4626643E+00
 0.1120000E+01  0.4639995E+00
 0.1121000E+01  0.4653343E+00
 0.1122000E+01  0.4666686E+00
 0.1123000E+01  0.4680024E+00
 0.1124000E+01  0.4693357E+00
 0.1125000E+01  0.4706686E+00
 0.1126000E+01  0.4720010E+00
 0.1127000E+01  0.4733329E+00
 0.1128000E+01  0.4746643E+00
 0.1129000E+01  0.4759953E+00
 0.1130000E+01  0.4773258E+00
 0.1131000E+01  0.4786558E+00
 0.1132000E+01  0.4799854E+00
 0.1133000E+01  0.4813144E+00
 0.1134000E+01  0.4826430E+00
 0.1135000E+01  0.4839711E+00
 0.1136000E+01  0.4852987E+00
 0.1137000E+01  0.4866258E+00
 0.1138000E+01  0.4879525E+00
 0.1139000E+01  0.4892786E+00
 0.1140000E+01  0.4906043E+00
 0.1141000E+01  0.4919294E+00
 0.1142000E+01  0.4932541E+00
 0.1143000E+01  0.4945783E+00
 0.1144000E+01  0.4959020E+00
 0.1145000E+01  0.4972252E+00
 0.1146000E+01  0.4985478E+00
 0.1147000E+01  0.4998700E+00
 0.1148000E+01  0.5011917E+00
 0.1149000E+01  0.5025129E+00
 0.1150000E+01  0.5038336E+00
 0.1151000E+01  0.5051538E+00
 0.1152000E+01  0.5064734E+00
 0.1153000E+01  0.5077926E+00
 0.1154000E+01  0.5091112E+00
 0.1155000E+01  0.5104294E+00
 0.1156000E+01  0.5117470E+00
 0.1157000E+01  0.5130641E+00
 0.1158000E+01  0.5143807E+00
 0.1159000E+01  0.5156968E+00
 0.1160000E+01  0.5170124E+00
 0.1161000E+01  0.5183275E+00
 0.1162000E+01  0.5196420E+00
 0.1163000E+01  0.5209560E+00
 0.1164000E+01  0.5222695E+00
 0.1165000E+01  0.5235825E+00
 0.1166000E+01  0.5248949E+00
 0.1167000E+01  0.5262069E+00
 0.1168000E+01  0.5275182E+00
 0.1169000E+01  0.5288291E+00
 0.1170000E+01  0.5301394E+00
 0.1171000E+01  0.5314492E+00
 0.1172000E+01  0.5327585E+00
 0.1173000E+01  0.5340673E+00
 0.1174000E+01  0.5353755E+00
 0.1175000E+01  0.5366831E+00
 0.1176000E+01  0.5379903E+00
 0.1177000E+01  0.5392968E+00
 0.1178000E+01  0.5406029E+00
 0.1179000E+01  0.5419084E+00
 0.1180000E+01  0.5432134E+00
 0.1181000E+01  0.5445178E+00
 0.1182000E+01  0.5458217E+00
 0.1183000E+01  0.5471250E+00
 0.1184000E+01  0.5484278E+00
 0.1185000E+01  0.5497300E+00
 0.1186000E+01  0.5510317E+00
 0.1187000E+01  0.5523328E+00
 0.1188000E+01  0.5536334E+00
 0.1189000E+01  0.5549334E+00
 0.1190000E+01  0.5562329E+00
 0.1191000E+01  0.5575318E+00
 0.1192000E+01  0.5588302E+00
 0.1193000E+01  0.5601279E+00
 0.1194000E+01  0.5614252E+00
 0.1195000E+01  0.5627218E+00
 0.1196000E+01  0.5640179E+00
 0.1197000E+01  0.5653135E+00
 0.1198000E+01  0.5666085E+00
 0.1199000E+01  0.5679029E+00
 0.1200000E+01  0.5691967E+00
 0.1201000E+01  0.5704900E+00
 0.1202000E+01  0.5717827E+00
 0.1203000E+01  0.5730748E+00
 0.1204000E+01  0.5743663E+00
 0.1205000E+01  0.5756573E+00
 0.1206000E+01  0.5769477E+00
 0.1207000E+01  0.5782375E+00
 0.1208000E+01  0.5795268E+00
 0.1209000E+01  0.5808154E+00
 0.1210000E+01  0.5821035E+00
 0.1211000E+01  0.5833910E+00
 0.1212000E+01  0.5846779E+00
 0.1213000E+01  0.5859642E+00
 0.1214000E+01  0.5872500E+00
 0.1215000E+01  0.5885351E+00
 0.1216000E+01  0.5898197E+00
 0.1217000E+01  0.5911036E+00
 0.1218000E+01  0.5923870E+00
 0.1219000E+01  0.5936698E+00
 0.1220000E+01  0.5949520E+00
 0.1221000E+01  0.5962336E+00
 0.1222000E+01  0.5975146E+00
 0.1223000E+01  0.5987950E+00
 0.1224000E+01  0.6000748E+00
 0.1225000E+01  0.6013540E+00
 0.1226000E+01  0.6026326E+00
 0.1227000E+01  0.6039106E+00
 0.1228000E+01  0.6051879E+00
 0.1229000E+01  0.6064647E+00
 0.1230000E+01  0.6077409E+00
 0.1231000E+01  0.6090165E+00
 0.1232000E+01  0.6102914E+00
 0.1233000E+01  0.6115658E+00
 0.1234000E+01  0.6128395E+00
 0.1235000E+01  0.6141126E+00
 0.1236000E+01  0.6153851E+00
 0.1237000E+01  0.6166570E+00
 0.1238000E+01  0.6179283E+00
 0.1239000E+01  0.6191989E+00
 0.1240000E+01  0.6204689E+00
 0.1241000E+01  0.6217383E+00
 0.1242000E+01  0.6230071E+00
 0.1243000E+01  0.6242753E+00
 0.1244000E+01  0.6255428E+00
 0.1245000E+01  0.6268097E+00
 0.1246000E+01  0.6280760E+00
 0.1247000E+01  0.6293417E+00
 0.1248000E+01  0.6306067E+00
 0.1249000E+01  0.6318711E+00
 0.1250000E+01  0.6331349E+00
 0.1251000E+01  0.6343980E+00
 0.1252000E+01  0.6356605E+00
 0.1253000E+01  0.6369223E+00
 0.1254000E+01  0.6381835E+00
 0.1255000E+01  0.6394441E+00
 0.1256000E+01  0.6407040E+00
 0.1257000E+01  0.6419633E+00
 0.1258000E+01  0.6432220E+00
 0.1259000E+01  0.6444800E+00
 0.1260000E+01  0.6457374E+00
 0.1261000E+01  0.6469941E+00
 0.1262000E+01  0.6482501E+00
 0.1263000E+01  0.6495056E+00
 0.1264000E+01  0.6507603E+00
 0.1265000E+01  0.6520145E+00
 0.1266000E+01  0.6532679E+00
 0.1267000E+01  0.6545207E+00
 0.1268000E+01  0.6557729E+00
 0.1269000E+01  0.6570244E+00
 0.1270000E+01  0.6582752E+00
 0.1271000E+01  0.6595254E+00
 0.1272000E+01  0.6607749E+00
 0.1273000E+01  0.6620238E+00
 0.1274000E+01  0.6632720E+00
 0.1275000E+01  0.6645195E+00
 0.1276000E+01  0.6657664E+00
 0.1277000E+01  0.6670126E+00
 0.1278000E+01  0.6682581E+00
 0.1279000E+01  0.6695030E+00
 0.1280000E+01  0.6707472E+00
 0.1281000E+01  0.6719907E+00
 0.1282000E+01  0.6732335E+00
 0.1283000E+01  0.6744757E+00
 0.1284000E+01  0.6757172E+00
 0.1285000E+01  0.6769580E+00
 0.1286000E+01  0.6781982E+00
 0.1287000E+01  0.6794376E+00
 0.1288000E+01  0.6806764E+00
 0.1289000E+01  0.6819145E+00
 0.1290000E+01  0.6831519E+00
 0.1291000E+01  0.6843887E+00
 0.1292000E+01  0.6856247E+00
 0.1293000E+01  0.6868601E+00
 0.1294000E+01  0.6880948E+00
 0.1295000E+01  0.6893287E+00
 0.1296000E+01  0.6905620E+00
 0.1297000E+01  0.6917946E+00
 0.1298000E+01  0.6930266E+00
 0.1299000E+01  0.6942578E+00
 0.1300000E+01  0.6954883E+00
 0.1301000E+01  0.6967181E+00
 0.1302000E+01  0.6979473E+00
 0.1303000E+01  0.6991757E+00
 0.1304000E+01  0.7004034E+00
 0.1305000E+01  0.7016305E+00
 0.1306000E+01  0.7028568E+00
 0.1307000E+01  0.7040824E+00
 0.1308000E+01  0.7053073E+00
 0.1309000E+01  0.7065315E+00
 0.1310000E+01  0.7077551E+00
 0.1311000E+01  0.7089778E+00
 0.1312000E+01  0.7101999E+00
 0.1313000E+01  0.7114213E+00
 0.1314000E+01  0.7126420E+00
 0.1315000E+01  0.7138619E+00
 0.1316000E+01  0.7150812E+00
 0.1317000E+01  0.7162997E+00
 0.1318000E+01  0.7175175E+00
 0.1319000E+01  0.7187346E+00
 0.1320000E+01  0.7199509E+00
 0.1321000E+01  0.7211666E+00
 0.1322000E+01  0.7223815E+00
 0.1323000E+01  0.7235957E+00
 0.1324000E+01  0.7248092E+00
 0.1325000E+01  0.7260219E+00
 0.1326000E+01  0.7272339E+00
 0.1327000E+01  0.7284452E+00
 0.1328000E+01  0.7296558E+00
 0.1329000E+01  0.7308656E+00
 0.1330000E+01  0.7320747E+00
 0.1331000E+01  0.7332831E+00
 0.1332000E+01  0.7344907E+00
 0.1333000E+01  0.7356976E+00
 0.1334000E+01  0.7369038E+00
 0.1335000E+01  0.7381092E+00
 0.1336000E+01  0.7393139E+00
 0.1337000E+01  0.7405179E+00
 0.1338000E+01  0.7417211E+00
 0.1339000E+01  0.7429235E+00
 0.1340000E+01  0.7441253E+00
 0.1341000E+01  0.7453262E+00
 0.1342000E+01  0.7465265E+00
 0.1343000E+01  0.7477259E+00
 0.1344000E+01  0.7489247E+00
 0.1345000E+01  0.7501227E+00
 0.1346000E+01  0.7513199E+00
 0.1347000E+01  0.7525164E+00
 0.1348000E+01  0.7537121E+00
 0.1349000E+01  0.7549071E+00
 0.1350000E+01  0.7561013E+00
 0.1351000E+01  0.7572947E+00
 0.1352000E+01  0.7584874E+00
 0.1353000E+01  0.7596794E+00
 0.1354000E+01  0.7608706E+00
 0.1355000E+01  0.7620610E+00
 0.1356000E+01  0.7632506E+00
 0.1357000E+01  0.7644395E+00
 0.1358000E+01  0.7656277E+00
 0.1359000E+01  0.7668150E+00
 0.1360000E+01  0.7680016E+00
 0.1361000E+01  0.7691874E+00
 0.1362000E+01  0.7703725E+00
 0.1363000E+01  0.7715568E+00
 0.1364000E+01  0.7727403E+00
 0.1365000E+01  0.7739230E+00
 0.1366000E+01  0.7751050E+00
 0.1367000E+01  0.7762862E+00
 0.1368000E+01  0.7774666E+00
 0.1369000E+01  0.7786462E+00
 0.1370000E+01  0.7798251E+00
 0.1371000E+01  0.7810031E+00
 0.1372000E+01  0.7821804E+00
 0.1373000E+01  0.7833569E+00
 0.1374000E+01  0.7845327E+00
 0.1375000E+01  0.7857076E+00
 0.1376000E+01  0.7868817E+00
 0.1377000E+01  0.7880551E+00
 0.1378000E+01  0.7892277E+00
 0.1379000E+01  0.7903995E+00
 0.1380000E+01  0.7915705E+00
 0.1381000E+01  0.7927407E+00
 0.1382000E+01  0.7939101E+00
 0.1383000E+01  0.7950787E+00
 0.1384000E+01  0.7962465E+00
 0.1385000E+01  0.7974135E+00
 0.1386000E+01  0.7985797E+00
 0.1387000E+01  0.7997452E+00
 0.1388000E+01  0.8009098E+00
 0.1389000E+01  0.8020736E+00
 0.1390000E+01  0.8032366E+00
 0.1391000E+01  0.8043988E+00
 0.1392000E+01  0.8055602E+00
 0.1393000E+01  0.8067208E+00
 0.1394000E+01  0.8078806E+00
 0.1395000E+01  0.8090396E+00
 0.1396000E+01  0.8101978E+00
 0.1397000E+01  0.8113551E+00
 0.1398000E+01  0.8125117E+00
 0.1399000E+01  0.8136674E+00
 0.1400000E+01  0.8148224E+00
 0.1401000E+01  0.8159765E+00
 0.1402000E+01  0.8171298E+00
 0.1403000E+01  0.8182822E+00
 0.1404000E+01  0.8194339E+00
 0.1405000E+01  0.8205847E+00
 0.1406000E+01  0.8217347E+00
 0.1407000E+01  0.8228839E+00
 0.1408000E+01  0.8240323E+00
 0.1409000E+01  0.8251798E+00
 0.1410000E+01  0.8263266E+00
 0.1411000E+01  0.8274724E+00
 0.1412000E+01  0.8286175E+00
 0.1413000E+01  0.8297617E+00
 0.1414000E+01  0.8309051E+00
 0.1415000E+01  0.8320477E+00
 0.1416000E+01  0.8331894E+00
 0.1417000E+01  0.8343303E+00
 0.1418000E+01  0.8354704E+00
 0.1419000E+01  0.8366096E+00
 0.1420000E+01  0.8377480E+00
 0.1421000E+01  0.8388856E+00
 0.1422000E+01  0.8400223E+00
 0.1423000E+01  0.8411582E+00
 0.1424000E+01  0.8422932E+00
 0.1425000E+01  0.8434274E+00
 0.1426000E+01  0.8445608E+00
 0.1427000E+01  0.8456933E+00
 0.1428000E+01  0.8468249E+00
 0.1429000E+01  0.8479557E+00
 0.1430000E+01  0.8490857E+00
 0.1431000E+01  0.8502148E+00
 0.1432000E+01  0.8513430E+00
 0.1433000E+01  0.8524704E+00
 0.1434000E+01  0.8535970E+00
 0.1435000E+01  0.8547227E+00
 0.1436000E+01  0.8558475E+00
 0.1437000E+01  0.8569715E+00
 0.1438000E+01  0.8580946E+00
 0.1439000E+01  0.8592169E+00
 0.1440000E+01  0.8603383E+00
 0.1441000E+01  0.8614589E+00
 0.1442000E+01  0.8625786E+00
 0.1443000E+01  0.8636974E+00
 0.1444000E+01  0.8648153E+00
 0.1445000E+01  0.8659324E+00
 0.1446000E+01  0.8670486E+00
 0.1447000E+01  0.8681640E+00
 0.1448000E+01  0.8692785E+00
 0.1449000E+01  0.8703921E+00
 0.1450000E+01  0.8715049E+00
 0.1451000E+01  0.8726167E+00
 0.1452000E+01  0.8737277E+00
 0.1453000E+01  0.8748379E+00
 0.1454000E+01  0.8759471E+00
 0.1455000E+01  0.8770555E+00
 0.1456000E+01  0.8781630E+00
 0.1457000E+01  0.8792696E+00
 0.1458000E+01  0.8803753E+00
 0.1459000E+01  0.8814802E+00
 0.1460000E+01  0.8825842E+00
 0.1461000E+01  0.8836873E+00
 0.1462000E+01  0.8847895E+00
 0.1463000E+01  0.8858908E+00
 0.1464000E+01  0.8869912E+00
 0.1465000E+01  0.8880908E+00
 0.1466000E+01  0.8891894E+00
 0.1467000E+01  0.8902872E+00
 0.1468000E+01  0.8913841E+00
 0.1469000E+01  0.8924801E+00
 0.1470000E+01  0.8935752E+00
 0.1471000E+01  0.8946694E+00
 0.1472000E+01  0.8957627E+00
 0.1473000E+01  0.8968551E+00
 0.1474000E+01  0.8979466E+00
 0.1475000E+01  0.8990372E+00
 0.1476000E+01  0.9001269E+00
 0.1477000E+01  0.9012157E+00
 0.1478000E+01  0.9023036E+00
 0.1479000E+01  0.9033906E+00
 0.1480000E+01  0.9044767E+00
 0.1481000E+01  0.9055619E+00
 0.1482000E+01  0.9066462E+00
 0.1483000E+01  0.9077296E+00
 0.1484000E+01  0.9088121E+00
 0.1485000E+01  0.9098936E+00
 0.1486000E+01  0.9109743E+00
 0.1487000E+01  0.9120540E+00
 0.1488000E+01  0.9131329E+00
 0.1489000E+01  0.9142108E+00
 0.1490000E+01  0.9152878E+00
 0.1491000E+01  0.9163639E+00
 0.1492000E+01  0.9174390E+00
 0.1493000E+01  0.9185133E+00
 0.1494000E+01  0.9195866E+00
 0.1495000E+01  0.9206590E+00
 0.1496000E+01  0.9217305E+00
 0.1497000E+01  0.9228011E+00
 0.1498000E+01  0.9238707E+00
 0.1499000E+01  0.9249394E+00
 0.1500000E+01  0.9260072E+00
 0.1501000E+01  0.9270741E+00
 0.1502000E+01  0.9281400E+00
 0.1503000E+01  0.9292050E+00
 0.1504000E+01  0.9302691E+00
 0.1505000E+01  0.9313322E+00
 0.1506000E+01  0.9323945E+00
 0.1507000E+01  0.9334557E+00
 0.1508000E+01  0.9345161E+00
 0.1509000E+01  0.9355755E+00
 0.1510000E+01  0.9366340E+00
 0.1511000E+01  0.9376915E+00
 0.1512000E+01  0.9387481E+00
 0.1513000E+01  0.9398038E+00
 0.1514000E+01  0.9408585E+00
 0.1515000E+01  0.9419123E+00
 0.1516000E+01  0.9429651E+00
 0.1517000E+01  0.9440170E+00
 0.1518000E+01  0.9450680E+00
 0.1519000E+01  0.9461180E+00
 0.1520000E+01  0.9471670E+00
 0.1521000E+01  0.9482151E+00
 0.1522000E+01  0.9492623E+00
 0.1523000E+01  0.9503085E+00
 0.1524000E+01  0.9513538E+00
 0.1525000E+01  0.9523981E+00
 0.1526000E+01  0.9534414E+00
 0.1527000E+01  0.9544838E+00
 0.1528000E+01  0.9555253E+00
 0.1529000E+01  0.9565658E+00
 0.1530000E+01  0.9576053E+00
 0.1531000E+01  0.9586439E+00
 0.1532000E+01  0.9596815E+00
 0.1533000E+01  0.9607181E+00
 0.1534000E+01  0.9617538E+00
 0.1535000E+01  0.9627885E+00
 0.1536000E+01  0.9638223E+00
 0.1537000E+01  0.9648551E+00
 0.1538000E+01  0.9658870E+00
 0.1539000E+01  0.9669178E+00
 0.1540000E+01  0.9679477E+00
 0.1541000E+01  0.9689767E+00
 0.1542000E+01  0.9700046E+00
 0.1543000E+01  0.9710316E+00
 0.1544000E+01  0.9720576E+00
 0.1545000E+01  0.9730827E+00
 0.1546000E+01  0.9741068E+00
 0.1547000E+01  0.9751299E+00
 0.1548000E+01  0.9761520E+00
 0.1549000E+01  0.9771731E+00
 0.1550000E+01  0.9781933E+00
 0.1551000E+01  0.9792125E+00
 0.1552000E+01  0.9802307E+00
 0.1553000E+01  0.9812479E+00
 0.1554000E+01  0.9822642E+00
 0.1555000E+01  0.9832794E+00
 0.1556000E+01  0.9842937E+00
 0.1557000E+01  0.9853070E+00
 0.1558000E+01  0.9863193E+00
 0.1559000E+01  0.9873307E+00
 0.1560000E+01  0.9883410E+00
 0.1561000E+01  0.9893503E+00
 0.1562000E+01  0.9903587E+00
 0.1563000E+01  0.9913661E+00
 0.1564000E+01  0.9923724E+00
 0.1565000E+01  0.9933778E+00
 0.1566000E+01  0.9943822E+00
 0.1567000E+01  0.9953856E+00
 0.1568000E+01  0.9963880E+00
 0.1569000E+01  0.9973894E+00
 0.1570000E+01  0.9983898E+00
 0.1571000E+01  0.9993892E+00
 0.1572000E+01  0.1000388E+01
 0.1573000E+01  0.1001385E+01
 0.1574000E+01  0.1002381E+01
 0.1575000E+01  0.1003377E+01
 0.1576000E+01  0.1004371E+01
 0.1577000E+01  0.1005365E+01
 0.1578000E+01  0.1006357E+01
 0.1579000E+01  0.1007348E+01
 0.1580000E+01  0.1008339E+01
 0.1581000E+01  0.1009328E+01
 0.1582000E+01  0.1010316E+01
 0.1583000E+01  0.1011304E+01
 0.1584000E+01  0.1012290E+01
 0.1585000E+01  0.1013275E+01
 0.1586000E+01  0.1014260E+01
 0.1587000E+01  0.1015243E+01
 0.1588000E+01  0.1016225E+01
 0.1589000E+01  0.1017206E+01
 0.1590000E+01  0.1018187E+01
 0.1591000E+01  0.1019166E+01
 0.1592000E+01  0.1020144E+01
 0.1593000E+01  0.1021121E+01
 0.1594000E+01  0.1022097E+01
 0.1595000E+01  0.1023073E+01
 0.1596000E+01  0.1024047E+01
 0.1597000E+01  0.1025020E+01
 0.1598000E+01  0.1025992E+01
 0.1599000E+01  0.1026963E+01
 0.1600000E+01  0.1027933E+01
 0.1601000E+01  0.1028902E+01
 0.1602000E+01  0.1029870E+01
 0.1603000E+01  0.1030837E+01
 0.1604000E+01  0.1031803E+01
 0.1605000E+01  0.1032767E+01
 0.1606000E+01  0.1033731E+01
 0.1607000E+01  0.1034694E+01
 0.1608000E+01  0.1035656E+01
 0.1609000E+01  0.1036616E+01
 0.1610000E+01  0.1037576E+01
 0.1611000E+01  0.1038535E+01
 0.1612000E+01  0.1039492E+01
 0.1613000E+01  0.1040449E+01
 0.1614000E+01  0.1041404E+01
 0.1615000E+01  0.1042359E+01
 0.1616000E+01  0.1043312E+01
 0.1617000E+01  0.1044265E+01
 0.1618000E+01  0.1045216E+01
 0.1619000E+01  0.1046166E+01
 0.1620000E+01  0.1047116E+01
 0.1621000E+01  0.1048064E+01
 0.1622000E+01  0.1049011E+01
 0.1623000E+01  0.1049957E+01
 0.1624000E+01  0.1050902E+01
 0.1625000E+01  0.1051846E+01
 0.1626000E+01  0.1052789E+01
 0.1627000E+01  0.1053731E+01
 0.1628000E+01  0.1054672E+01
 0.1629000E+01  0.1055611E+01
 0.1630000E+01  0.1056550E+01
 0.1631000E+01  0.1057488E+01
 0.1632000E+01  0.1058425E+01
 0.1633000E+01  0.1059360E+01
 0.1634000E+01  0.1060295E+01
 0.1635000E+01  0.1061228E+01
 0.1636000E+01  0.1062160E+01
 0.1637000E+01  0.1063092E+01
 0.1638000E+01  0.1064022E+01
 0.1639000E+01  0.1064951E+01
 0.1640000E+01  0.1065879E+01
 0.1641000E+01  0.1066806E+01
 0.1642000E+01  0.1067732E+01
 0.1643000E+01  0.1068657E+01
 0.1644000E+01  0.1069581E+01
 0.1645000E+01  0.1070504E+01
 0.1646000E+01  0.1071425E+01
 0.1647000E+01  0.1072346E+01
 0.1648000E+01  0.1073266E+01
 0.1649000E+01  0.1074184E+01
 0.1650000E+01  0.1075102E+01
 0.1651000E+01  0.1076018E+01
 0.1652000E+01  0.1076933E+01
 0.1653000E+01  0.1077847E+01
 0.1654000E+01  0.1078760E+01
 0.1655000E+01  0.1079672E+01
 0.1656000E+01  0.1080583E+01
 0.1657000E+01  0.1081493E+01
 0.1658000E+01  0.1082402E+01
 0.1659000E+01  0.1083310E+01
 0.1660000E+01  0.1084216E+01
 0.1661000E+01  0.1085122E+01
 0.1662000E+01  0.1086026E+01
 0.1663000E+01  0.1086930E+01
 0.1664000E+01  0.1087832E+01
 0.1665000E+01  0.1088733E+01
 0.1666000E+01  0.1089633E+01
 0.1667000E+01  0.1090532E+01
 0.1668000E+01  0.1091430E+01
 0.1669000E+01  0.1092327E+01
 0.1670000E+01  0.1093223E+01
 0.1671000E+01  0.1094117E+01
 0.1672000E+01  0.1095011E+01
 0.1673000E+01  0.1095903E+01
 0.1674000E+01  0.1096795E+01
 0.1675000E+01  0.1097685E+01
 0.1676000E+01  0.1098574E+01
 0.1677000E+01  0.1099462E+01
 0.1678000E+01  0.1100349E+01
 0.1679000E+01  0.1101235E+01
 0.1680000E+01  0.1102120E+01
 0.1681000E+01  0.1103003E+01
 0.1682000E+01  0.1103886E+01
 0.1683000E+01  0.1104767E+01
 0.1684000E+01  0.1105647E+01
 0.1685000E+01  0.1106527E+01
 0.1686000E+01  0.1107405E+01
 0.1687000E+01  0.1108282E+01
 0.1688000E+01  0.1109158E+01
 0.1689000E+01  0.1110033E+01
 0.1690000E+01  0.1110906E+01
 0.1691000E+01  0.1111779E+01
 0.1692000E+01  0.1112650E+01
 0.1693000E+01  0.1113521E+01
 0.1694000E+01  0.1114390E+01
 0.1695000E+01  0.1115258E+01
 0.1696000E+01  0.1116125E+01
 0.1697000E+01  0.1116991E+01
 0.1698000E+01  0.1117856E+01
 0.1699000E+01  0.1118719E+01
 0.1700000E+01  0.1119582E+01
 0.1701000E+01  0.1120443E+01
 0.1702000E+01  0.1121303E+01
 0.1703000E+01  0.1122163E+01
 0.1704000E+01  0.1123021E+01
 0.1705000E+01  0.1123878E+01
 0.1706000E+01  0.1124733E+01
 0.1707000E+01  0.1125588E+01
 0.1708000E+01  0.1126442E+01
 0.1709000E+01  0.1127294E+01
 0.1710000E+01  0.1128145E+01
 0.1711000E+01  0.1128995E+01
 0.1712000E+01  0.1129844E+01
 0.1713000E+01  0.1130692E+01
 0.1714000E+01  0.1131539E+01
 0.1715000E+01  0.1132385E+01
 0.1716000E+01  0.1133229E+01
 0.1717000E+01  0.1134073E+01
 0.1718000E+01  0.1134915E+01
 0.1719000E+01  0.1135756E+01
 0.1720000E+01  0.1136596E+01
 0.1721000E+01  0.1137435E+01
 0.1722000E+01  0.1138272E+01
 0.1723000E+01  0.1139109E+01
 0.1724000E+01  0.1139944E+01
 0.1725000E+01  0.1140779E+01
 0.1726000E+01  0.1141612E+01
 0.1727000E+01  0.1142444E+01
 0.1728000E+01  0.1143275E+01
 0.1729000E+01  0.1144104E+01
 0.1730000E+01  0.1144933E+01
 0.1731000E+01  0.1145760E+01
 0.1732000E+01  0.1146587E+01
 0.1733000E+01  0.1147412E+01
 0.1734000E+01  0.1148236E+01
 0.1735000E+01  0.1149058E+01
 0.1736000E+01  0.1149880E+01
 0.1737000E+01  0.1150701E+01
 0.1738000E+01  0.1151520E+01
 0.1739000E+01  0.1152338E+01
 0.1740000E+01  0.1153155E+01
 0.1741000E+01  0.1153971E+01
 0.1742000E+01  0.1154786E+01
 0.1743000E+01  0.1155600E+01
 0.1744000E+01  0.1156412E+01
 0.1745000E+01  0.1157223E+01
 0.1746000E+01  0.1158033E+01
 0.1747000E+01  0.1158842E+01
 0.1748000E+01  0.1159650E+01
 0.1749000E+01  0.1160457E+01
 0.1750000E+01  0.1161262E+01
 0.1751000E+01  0.1162067E+01
 0.1752000E+01  0.1162870E+01
 0.1753000E+01  0.1163672E+01
 0.1754000E+01  0.1164473E+01
 0.1755000E+01  0.1165272E+01
 0.1756000E+01  0.1166071E+01
 0.1757000E+01  0.1166868E+01
 0.1758000E+01  0.1167664E+01
 0.1759000E+01  0.1168459E+01
 0.1760000E+01  0.1169253E+01
 0.1761000E+01  0.1170046E+01
 0.1762000E+01  0.1170837E+01
 0.1763000E+01  0.1171628E+01
 0.1764000E+01  0.1172417E+01
 0.1765000E+01  0.1173205E+01
 0.1766000E+01  0.1173992E+01
 0.1767000E+01  0.1174777E+01
 0.1768000E+01  0.1175562E+01
 0.1769000E+01  0.1176345E+01
 0.1770000E+01  0.1177127E+01
 0.1771000E+01  0.1177908E+01
 0.1772000E+01  0.1178688E+01
 0.1773000E+01  0.1179467E+01
 0.1774000E+01  0.1180244E+01
 0.1775000E+01  0.1181020E+01
 0.1776000E+01  0.1181795E+01
 0.1777000E+01  0.1182569E+01
 0.1778000E+01  0.1183342E+01
 0.1779000E+01  0.1184113E+01
 0.1780000E+01  0.1184883E+01
 0.1781000E+01  0.1185653E+01
 0.1782000E+01  0.1186420E+01
 0.1783000E+01  0.1187187E+01
 0.1784000E+01  0.1187953E+01
 0.1785000E+01  0.1188717E+01
 0.1786000E+01  0.1189480E+01
 0.1787000E+01  0.1190242E+01
 0.1788000E+01  0.1191003E+01
 0.1789000E+01  0.1191763E+01
 0.1790000E+01  0.1192521E+01
 0.1791000E+01  0.1193278E+01
 0.1792000E+01  0.1194034E+01
 0.1793000E+01  0.1194789E+01
 0.1794000E+01  0.1195543E+01
 0.1795000E+01  0.1196295E+01
 0.1796000E+01  0.1197047E+01
 0.1797000E+01  0.1197797E+01
 0.1798000E+01  0.1198545E+01
 0.1799000E+01  0.1199293E+01
 0.1800000E+01  0.1200040E+01
 0.1801000E+01  0.1200785E+01
 0.1802000E+01  0.1201529E+01
 0.1803000E+01  0.1202272E+01
 0.1804000E+01  0.1203013E+01
 0.1805000E+01  0.1203754E+01
 0.1806000E+01  0.1204493E+01
 0.1807000E+01  0.1205231E+01
 0.1808000E+01  0.1205968E+01
 0.1809000E+01  0.1206703E+01
 0.1810000E+01  0.1207438E+01
 0.1811000E+01  0.1208171E+01
 0.1812000E+01  0.1208903E+01
 0.1813000E+01  0.1209634E+01
 0.1814000E+01  0.1210363E+01
 0.1815000E+01  0.1211092E+01
 0.1816000E+01  0.1211819E+01
 0.1817000E+01  0.1212545E+01
 0.1818000E+01  0.1213270E+01
 0.1819000E+01  0.1213993E+01
 0.1820000E+01  0.1214715E+01
 0.1821000E+01  0.1215437E+01
 0.1822000E+01  0.1216156E+01
 0.1823000E+01  0.1216875E+01
 0.1824000E+01  0.1217592E+01
 0.1825000E+01  0.1218309E+01
 0.1826000E+01  0.1219024E+01
 0.1827000E+01  0.1219737E+01
 0.1828000E+01  0.1220450E+01
 0.1829000E+01  0.1221161E+01
 0.1830000E+01  0.1221871E+01
 0.1831000E+01  0.1222580E+01
 0.1832000E+01  0.1223288E+01
 0.1833000E+01  0.1223995E+01
 0.1834000E+01  0.1224700E+01
 0.1835000E+01  0.1225404E+01
 0.1836000E+01  0.1226107E+01
 0.1837000E+01  0.1226808E+01
 0.1838000E+01  0.1227508E+01
 0.1839000E+01  0.1228207E+01
 0.1840000E+01  0.1228905E+01
 0.1841000E+01  0.1229602E+01
 0.1842000E+01  0.1230297E+01
 0.1843000E+01  0.1230992E+01
 0.1844000E+01  0.1231684E+01
 0.1845000E+01  0.1232376E+01
 0.1846000E+01  0.1233067E+01
 0.1847000E+01  0.1233756E+01
 0.1848000E+01  0.1234444E+01
 0.1849000E+01  0.1235131E+01
 0.1850000E+01  0.1235816E+01
 0.1851000E+01  0.1236501E+01
 0.1852000E+01  0.1237184E+01
 0.1853000E+01  0.1237865E+01
 0.1854000E+01  0.1238546E+01
 0.1855000E+01  0.1239225E+01
 0.1856000E+01  0.1239904E+01
 0.1857000E+01  0.1240580E+01
 0.1858000E+01  0.1241256E+01
 0.1859000E+01  0.1241930E+01
 0.1860000E+01  0.1242604E+01
 0.1861000E+01  0.1243275E+01
 0.1862000E+01  0.1243946E+01
 0.1863000E+01  0.1244616E+01
 0.1864000E+01  0.1245284E+01
 0.1865000E+01  0.1245951E+01
 0.1866000E+01  0.1246616E+01
 0.1867000E+01  0.1247281E+01
 0.1868000E+01  0.1247944E+01
 0.1869000E+01  0.1248606E+01
 0.1870000E+01  0.1249267E+01
 0.1871000E+01  0.1249926E+01
 0.1872000E+01  0.1250584E+01
 0.1873000E+01  0.1251241E+01
 0.1874000E+01  0.1251897E+01
 0.1875000E+01  0.1252551E+01
 0.1876000E+01  0.1253205E+01
 0.1877000E+01  0.1253856E+01
 0.1878000E+01  0.1254507E+01
 0.1879000E+01  0.1255157E+01
 0.1880000E+01  0.1255805E+01
 0.1881000E+01  0.1256452E+01
 0.1882000E+01  0.1257097E+01
 0.1883000E+01  0.1257742E+01
 0.1884000E+01  0.1258385E+01
 0.1885000E+01  0.1259027E+01
 0.1886000E+01  0.1259667E+01
 0.1887000E+01  0.1260307E+01
 0.1888000E+01  0.1260945E+01
 0.1889000E+01  0.1261582E+01
 0.1890000E+01  0.1262217E+01
 0.1891000E+01  0.1262852E+01
 0.1892000E+01  0.1263485E+01
 0.1893000E+01  0.1264116E+01
 0.1894000E+01  0.1264747E+01
 0.1895000E+01  0.1265376E+01
 0.1896000E+01  0.1266004E+01
 0.1897000E+01  0.1266631E+01
 0.1898000E+01  0.1267256E+01
 0.1899000E+01  0.1267881E+01
 0.1900000E+01  0.1268503E+01
 0.1901000E+01  0.1269125E+01
 0.1902000E+01  0.1269745E+01
 0.1903000E+01  0.1270365E+01
 0.1904000E+01  0.1270982E+01
 0.1905000E+01  0.1271599E+01
 0.1906000E+01  0.1272214E+01
 0.1907000E+01  0.1272828E+01
 0.1908000E+01  0.1273441E+01
 0.1909000E+01  0.1274053E+01
 0.1910000E+01  0.1274663E+01
 0.1911000E+01  0.1275272E+01
 0.1912000E+01  0.1275879E+01
 0.1913000E+01  0.1276486E+01
 0.1914000E+01  0.1277091E+01
 0.1915000E+01  0.1277695E+01
 0.1916000E+01  0.1278297E+01
 0.1917000E+01  0.1278899E+01
 0.1918000E+01  0.1279499E+01
 0.1919000E+01  0.1280097E+01
 0.1920000E+01  0.1280695E+01
 0.1921000E+01  0.1281291E+01
 0.1922000E+01  0.1281886E+01
 0.1923000E+01  0.1282479E+01
 0.1924000E+01  0.1283072E+01
 0.1925000E+01  0.1283663E+01
 0.1926000E+01  0.1284252E+01
 0.1927000E+01  0.1284841E+01
 0.1928000E+01  0.1285428E+01
 0.1929000E+01  0.1286014E+01
 0.1930000E+01  0.1286598E+01
 0.1931000E+01  0.1287182E+01
 0.1932000E+01  0.1287764E+01
 0.1933000E+01  0.1288345E+01
 0.1934000E+01  0.1288924E+01
 0.1935000E+01  0.1289502E+01
 0.1936000E+01  0.1290079E+01
 0.1937000E+01  0.1290655E+01
 0.1938000E+01  0.1291229E+01
 0.1939000E+01  0.1291802E+01
 0.1940000E+01  0.1292374E+01
 0.1941000E+01  0.1292944E+01
 0.1942000E+01  0.1293513E+01
 0.1943000E+01  0.1294081E+01
 0.1944000E+01  0.1294648E+01
 0.1945000E+01  0.1295213E+01
 0.1946000E+01  0.1295777E+01
 0.1947000E+01  0.1296339E+01
 0.1948000E+01  0.1296901E+01
 0.1949000E+01  0.1297461E+01
 0.1950000E+01  0.1298019E+01
 0.1951000E+01  0.1298577E+01
 0.1952000E+01  0.1299133E+01
 0.1953000E+01  0.1299688E+01
 0.1954000E+01  0.1300242E+01
 0.1955000E+01  0.1300794E+01
 0.1956000E+01  0.1301345E+01
 0.1957000E+01  0.1301894E+01
 0.1958000E+01  0.1302443E+01
 0.1959000E+01  0.1302990E+01
 0.1960000E+01  0.1303536E+01
 0.1961000E+01  0.1304080E+01
 0.1962000E+01  0.1304623E+01
 0.1963000E+01  0.1305165E+01
 0.1964000E+01  0.1305706E+01
 0.1965000E+01  0.1306245E+01
 0.1966000E+01  0.1306783E+01
 0.1967000E+01  0.1307319E+01
 0.1968000E+01  0.1307855E+01
 0.1969000E+01  0.1308389E+01
 0.1970000E+01  0.1308921E+01
 0.1971000E+01  0.1309453E+01
 0.1972000E+01  0.1309983E+01
 0.1973000E+01  0.1310511E+01
 0.1974000E+01  0.1311039E+01
 0.1975000E+01  0.1311565E+01
 0.1976000E+01  0.1312090E+01
 0.1977000E+01  0.1312613E+01
 0.1978000E+01  0.1313136E+01
 0.1979000E+01  0.1313656E+01
 0.1980000E+01  0.1314176E+01
 0.1981000E+01  0.1314694E+01
 0.1982000E+01  0.1315211E+01
 0.1983000E+01  0.1315727E+01
 0.1984000E+01  0.1316241E+01
 0.1985000E+01  0.1316754E+01
 0.1986000E+01  0.1317266E+01
 0.1987000E+01  0.1317776E+01
 0.1988000E+01  0.1318285E+01
 0.1989000E+01  0.1318793E+01
 0.1990000E+01  0.1319299E+01
 0.1991000E+01  0.1319804E+01
 0.1992000E+01  0.1320308E+01
 0.1993000E+01  0.1320811E+01
 0.1994000E+01  0.1321312E+01
 0.1995000E+01  0.1321812E+01
 0.1996000E+01  0.1322310E+01
 0.1997000E+01  0.1322807E+01
 0.1998000E+01  0.1323303E+01
 0.1999000E+01  0.1323798E+01
 0.2000000E+01  0.1324291E+01
