 0.1000000E+00  0.3238185E+03  0.0000000E+00
 0.1096774E+00  0.2240129E+03  0.0000000E+00
 0.1193548E+00  0.1599302E+03  0.0000000E+00
 0.1290323E+00  0.1172644E+03  0.0000000E+00
 0.1387097E+00  0.8796952E+02  0.0000000E+00
 0.1483871E+00  0.6731549E+02  0.0000000E+00
 0.1580645E+00  0.5241450E+02  0.0000000E+00
 0.1677419E+00  0.4144460E+02  0.0000000E+00
 0.1774194E+00  0.3322292E+02  0.0000000E+00
 0.1870968E+00  0.2696185E+02  0.0000000E+00
 0.1967742E+00  0.2212500E+02  0.0000000E+00
 0.2064516E+00  0.1833970E+02  0.0000000E+00
 0.2161290E+00  0.1534226E+02  0.0000000E+00
 0.2258065E+00  0.1294304E+02  0.0000000E+00
 0.2354839E+00  0.1100363E+02  0.0000000E+00
 0.2451613E+00  0.9421577E+01  0.0000000E+00
 0.2548387E+00  0.8120133E+01  0.0000000E+00
 0.2645161E+00  0.7041125E+01  0.0000000E+00
 0.2741935E+00  0.6139995E+01  0.0000000E+00
 0.2838710E+00  0.5382274E+01  0.0000000E+00
 0.2935484E+00  0.4741054E+01  0.0000000E+00
 0.3032258E+00  0.4195150E+01  0.0000000E+00
 0.3129032E+00  0.3727750E+01  0.0000000E+00
 0.3225806E+00  0.3325413E+01  0.0000000E+00
 0.3322581E+00  0.2977318E+01  0.0000000E+00
 0.3419355E+00  0.2674695E+01  0.0000000E+00
 0.3516129E+00  0.2410394E+01  0.0000000E+00
 0.3612903E+00  0.2178550E+01  0.0000000E+00
 0.3709677E+00  0.1974326E+01  0.0000000E+00
 0.3806452E+00  0.1793712E+01  0.0000000E+00
 0.3903226E+00  0.1633367E+01  0.0000000E+00
 0.4000000E+00  0.1490496E+01  0.0000000E+00
 0.4096774E+00  0.1362745E+01  0.0000000E+00
 0.4193548E+00  0.1248131E+01  0.0000000E+00
 0.4290323E+00  0.1144970E+01  0.0000000E+00
 0.4387097E+00  0.1051828E+01  0.0000000E+00
 0.4483871E+00  0.9674807E+00  0.0000000E+00
 0.4580645E+00  0.8908793E+00  0.0000000E+00
 0.4677419E+00  0.8211203E+00  0.0000000E+00
 0.4774194E+00  0.7574241E+00  0.0000000E+00
 0.4870968E+00  0.6991156E+00  0.0000000E+00
 0.4967742E+00  0.6456085E+00  0.0000000E+00
 0.5064516E+00  0.5963920E+00  0.0000000E+00
 0.5161290E+00  0.5510197E+00  0.0000000E+00
 0.5258065E+00  0.5091009E+00  0.0000000E+00
 0.5354839E+00  0.4702922E+00  0.0000000E+00
 0.5451613E+00  0.4342912E+00  0.0000000E+00
 0.5548387E+00  0.4008311E+00  0.0000000E+00
 0.5645161E+00  0.3696755E+00  0.0000000E+00
 0.5741935E+00  0.3406152E+00  0.0000000E+00
 0.5838710E+00  0.3134636E+00  0.0000000E+00
 0.5935484E+00  0.2880551E+00  0.0000000E+00
 0.6032258E+00  0.2642412E+00  0.0000000E+00
 0.6129032E+00  0.2418895E+00  0.0000000E+00
 0.6225806E+00  0.2208811E+00  0.0000000E+00
 0.6322581E+00  0.2011091E+00  0.0000000E+00
 0.6419355E+00  0.1824774E+00  0.0000000E+00
 0.6516129E+00  0.1648993E+00  0.0000000E+00
 0.6612903E+00  0.1482964E+00  0.0000000E+00
 0.6709677E+00  0.1325976E+00  0.0000000E+00
 0.6806452E+00  0.1177388E+00  0.0000000E+00
 0.6903226E+00  0.1036614E+00  0.0000000E+00
 0.7000000E+00  0.9031212E-01  0.0000000E+00
 0.7096774E+00  0.7764257E-01  0.0000000E+00
 0.7193548E+00  0.6560841E-01  0.0000000E+00
 0.7290323E+00  0.5416910E-01  0.0000000E+00
 0.7387097E+00  0.4328753E-01  0.0000000E+00
 0.7483871E+00  0.3292961E-01  0.0000000E+00
 0.7580645E+00  0.2306405E-01  0.0000000E+00
 0.7677419E+00  0.1366200E-01  0.0000000E+00
 0.7774194E+00  0.4696901E-02  0.0000000E+00
 0.7870968E+00 -0.3855784E-02  0.0000000E+00
 0.7967742E+00 -0.1201874E-01  0.0000000E+00
 0.8064516E+00 -0.1981298E-01  0.0000000E+00
 0.8161290E+00 -0.2725797E-01  0.0000000E+00
 0.8258065E+00 -0.3437181E-01  0.0000000E+00
 0.8354839E+00 -0.4117131E-01  0.0000000E+00
 0.8451613E+00 -0.4767213E-01  0.0000000E+00
 0.8548387E+00 -0.5388887E-01  0.0000000E+00
 0.8645161E+00 -0.5983516E-01  0.0000000E+00
 0.8741935E+00 -0.6552375E-01  0.0000000E+00
 0.8838710E+00 -0.7096655E-01  0.0000000E+00
 0.8935484E+00 -0.7617474E-01  0.0000000E+00
 0.9032258E+00 -0.8115880E-01  0.0000000E+00
 0.9129032E+00 -0.8592859E-01  0.0000000E+00
 0.9225806E+00 -0.9049336E-01  0.0000000E+00
 0.9322581E+00 -0.9486183E-01  0.0000000E+00
 0.9419355E+00 -0.9904222E-01  0.0000000E+00
 0.9516129E+00 -0.1030423E+00  0.0000000E+00
 0.9612903E+00 -0.1068694E+00  0.0000000E+00
 0.9709677E+00 -0.1105304E+00  0.0000000E+00
 0.9806452E+00 -0.1140319E+00  0.0000000E+00
 0.9903226E+00 -0.1173801E+00  0.0000000E+00
 0.1000000E+01 -0.1205809E+00  0.0000000E+00
 0.1009677E+01 -0.1236398E+00  0.0000000E+00
 0.1019355E+01 -0.1265623E+00  0.0000000E+00
 0.1029032E+01 -0.1293534E+00  0.0000000E+00
 0.1038710E+01 -0.1320179E+00  0.0000000E+00
 0.1048387E+01 -0.1345603E+00  0.0000000E+00
 0.1058065E+01 -0.1369850E+00  0.0000000E+00
 0.1067742E+01 -0.1392963E+00  0.0000000E+00
 0.1077419E+01 -0.1414981E+00  0.0000000E+00
 0.1087097E+01 -0.1435942E+00  0.0000000E+00
 0.1096774E+01 -0.1455883E+00  0.0000000E+00
 0.1106452E+01 -0.1474839E+00  0.0000000E+00
 0.1116129E+01 -0.1492842E+00  0.0000000E+00
 0.1125806E+01 -0.1509926E+00  0.0000000E+00
 0.1135484E+01 -0.1526120E+00  0.0000000E+00
 0.1145161E+01 -0.1541455E+00  0.0000000E+00
 0.1154839E+01 -0.1555959E+00  0.0000000E+00
 0.1164516E+01 -0.1569658E+00  0.0000000E+00
 0.1174194E+01 -0.1582580E+00  0.0000000E+00
 0.1183871E+01 -0.1594750E+00  0.0000000E+00
 0.1193548E+01 -0.1606191E+00  0.0000000E+00
 0.1203226E+01 -0.1616927E+00  0.0000000E+00
 0.1212903E+01 -0.1626980E+00  0.0000000E+00
 0.1222581E+01 -0.1636374E+00  0.0000000E+00
 0.1232258E+01 -0.1645127E+00  0.0000000E+00
 0.1241935E+01 -0.1653261E+00  0.0000000E+00
 0.1251613E+01 -0.1660795E+00  0.0000000E+00
 0.1261290E+01 -0.1667749E+00  0.0000000E+00
 0.1270968E+01 -0.1674139E+00  0.0000000E+00
 0.1280645E+01 -0.1679984E+00  0.0000000E+00
 0.1290323E+01 -0.1685301E+00  0.0000000E+00
 0.1300000E+01 -0.1690107E+00  0.0000000E+00
 0.1309677E+01 -0.1694416E+00  0.0000000E+00
 0.1319355E+01 -0.1698246E+00  0.0000000E+00
 0.1329032E+01 -0.1701610E+00  0.0000000E+00
 0.1338710E+01 -0.1704524E+00  0.0000000E+00
 0.1348387E+01 -0.1707001E+00  0.0000000E+00
 0.1358065E+01 -0.1709055E+00  0.0000000E+00
 0.1367742E+01 -0.1710699E+00  0.0000000E+00
 0.1377419E+01 -0.1711945E+00  0.0000000E+00
 0.1387097E+01 -0.1712807E+00  0.0000000E+00
 0.1396774E+01 -0.1713297E+00  0.0000000E+00
 0.1406452E+01 -0.1713425E+00  0.0000000E+00
 0.1416129E+01 -0.1713204E+00  0.0000000E+00
 0.1425806E+01 -0.1712644E+00  0.0000000E+00
 0.1435484E+01 -0.1711757E+00  0.0000000E+00
 0.1445161E+01 -0.1710552E+00  0.0000000E+00
 0.1454839E+01 -0.1709039E+00  0.0000000E+00
 0.1464516E+01 -0.1707229E+00  0.0000000E+00
 0.1474194E+01 -0.1705131E+00  0.0000000E+00
 0.1483871E+01 -0.1702754E+00  0.0000000E+00
 0.1493548E+01 -0.1700107E+00  0.0000000E+00
 0.1503226E+01 -0.1697199E+00  0.0000000E+00
 0.1512903E+01 -0.1694039E+00  0.0000000E+00
 0.1522581E+01 -0.1690635E+00  0.0000000E+00
 0.1532258E+01 -0.1686994E+00  0.0000000E+00
 0.1541935E+01 -0.1683125E+00  0.0000000E+00
 0.1551613E+01 -0.1679035E+00  0.0000000E+00
 0.1561290E+01 -0.1674732E+00  0.0000000E+00
 0.1570968E+01 -0.1670223E+00  0.0000000E+00
 0.1580645E+01 -0.1665515E+00  0.0000000E+00
 0.1590323E+01 -0.1660614E+00  0.0000000E+00
 0.1600000E+01 -0.1655528E+00  0.0000000E+00
 0.1609677E+01 -0.1650263E+00  0.0000000E+00
 0.1619355E+01 -0.1644825E+00  0.0000000E+00
 0.1629032E+01 -0.1639220E+00  0.0000000E+00
 0.1638710E+01 -0.1633455E+00  0.0000000E+00
 0.1648387E+01 -0.1627535E+00  0.0000000E+00
 0.1658065E+01 -0.1621465E+00  0.0000000E+00
 0.1667742E+01 -0.1615252E+00  0.0000000E+00
 0.1677419E+01 -0.1608900E+00  0.0000000E+00
 0.1687097E+01 -0.1602415E+00  0.0000000E+00
 0.1696774E+01 -0.1595803E+00  0.0000000E+00
 0.1706452E+01 -0.1589067E+00  0.0000000E+00
 0.1716129E+01 -0.1582213E+00  0.0000000E+00
 0.1725806E+01 -0.1575245E+00  0.0000000E+00
 0.1735484E+01 -0.1568168E+00  0.0000000E+00
 0.1745161E+01 -0.1560987E+00  0.0000000E+00
 0.1754839E+01 -0.1553706E+00  0.0000000E+00
 0.1764516E+01 -0.1546328E+00  0.0000000E+00
 0.1774194E+01 -0.1538859E+00  0.0000000E+00
 0.1783871E+01 -0.1531302E+00  0.0000000E+00
 0.1793548E+01 -0.1523661E+00  0.0000000E+00
 0.1803226E+01 -0.1515940E+00  0.0000000E+00
 0.1812903E+01 -0.1508142E+00  0.0000000E+00
 0.1822581E+01 -0.1500272E+00  0.0000000E+00
 0.1832258E+01 -0.1492332E+00  0.0000000E+00
 0.1841935E+01 -0.1484327E+00  0.0000000E+00
 0.1851613E+01 -0.1476258E+00  0.0000000E+00
 0.1861290E+01 -0.1468131E+00  0.0000000E+00
 0.1870968E+01 -0.1459947E+00  0.0000000E+00
 0.1880645E+01 -0.1451710E+00  0.0000000E+00
 0.1890323E+01 -0.1443423E+00  0.0000000E+00
 0.1900000E+01 -0.1435089E+00  0.0000000E+00
 0.1909677E+01 -0.1426711E+00  0.0000000E+00
 0.1919355E+01 -0.1418290E+00  0.0000000E+00
 0.1929032E+01 -0.1409831E+00  0.0000000E+00
 0.1938710E+01 -0.1401336E+00  0.0000000E+00
 0.1948387E+01 -0.1392807E+00  0.0000000E+00
 0.1958065E+01 -0.1384246E+00  0.0000000E+00
 0.1967742E+01 -0.1375657E+00  0.0000000E+00
 0.1977419E+01 -0.1367041E+00  0.0000000E+00
 0.1987097E+01 -0.1358401E+00  0.0000000E+00
 0.1996774E+01 -0.1349739E+00  0.0000000E+00
 0.2006452E+01 -0.1341056E+00  0.0000000E+00
 0.2016129E+01 -0.1332356E+00  0.0000000E+00
 0.2025806E+01 -0.1323641E+00  0.0000000E+00
 0.2035484E+01 -0.1314911E+00  0.0000000E+00
 0.2045161E+01 -0.1306170E+00  0.0000000E+00
 0.2054839E+01 -0.1297418E+00  0.0000000E+00
 0.2064516E+01 -0.1288659E+00  0.0000000E+00
 0.2074194E+01 -0.1279893E+00  0.0000000E+00
 0.2083871E+01 -0.1271122E+00  0.0000000E+00
 0.2093548E+01 -0.1262349E+00  0.0000000E+00
 0.2103226E+01 -0.1253574E+00  0.0000000E+00
 0.2112903E+01 -0.1244799E+00  0.0000000E+00
 0.2122581E+01 -0.1236026E+00  0.0000000E+00
 0.2132258E+01 -0.1227256E+00  0.0000000E+00
 0.2141935E+01 -0.1218491E+00  0.0000000E+00
 0.2151613E+01 -0.1209732E+00  0.0000000E+00
 0.2161290E+01 -0.1200981E+00  0.0000000E+00
 0.2170968E+01 -0.1192238E+00  0.0000000E+00
 0.2180645E+01 -0.1183505E+00  0.0000000E+00
 0.2190323E+01 -0.1174784E+00  0.0000000E+00
 0.2200000E+01 -0.1166075E+00  0.0000000E+00
 0.2209677E+01 -0.1157379E+00  0.0000000E+00
 0.2219355E+01 -0.1148699E+00  0.0000000E+00
 0.2229032E+01 -0.1140034E+00  0.0000000E+00
 0.2238710E+01 -0.1131387E+00  0.0000000E+00
 0.2248387E+01 -0.1122757E+00  0.0000000E+00
 0.2258065E+01 -0.1114146E+00  0.0000000E+00
 0.2267742E+01 -0.1105555E+00  0.0000000E+00
 0.2277419E+01 -0.1096986E+00  0.0000000E+00
 0.2287097E+01 -0.1088438E+00  0.0000000E+00
 0.2296774E+01 -0.1079912E+00  0.0000000E+00
 0.2306452E+01 -0.1071410E+00  0.0000000E+00
 0.2316129E+01 -0.1062933E+00  0.0000000E+00
 0.2325806E+01 -0.1054481E+00  0.0000000E+00
 0.2335484E+01 -0.1046054E+00  0.0000000E+00
 0.2345161E+01 -0.1037654E+00  0.0000000E+00
 0.2354839E+01 -0.1029282E+00  0.0000000E+00
 0.2364516E+01 -0.1020938E+00  0.0000000E+00
 0.2374194E+01 -0.1012622E+00  0.0000000E+00
 0.2383871E+01 -0.1004336E+00  0.0000000E+00
 0.2393548E+01 -0.9960793E-01  0.0000000E+00
 0.2403226E+01 -0.9878535E-01  0.0000000E+00
 0.2412903E+01 -0.9796589E-01  0.0000000E+00
 0.2422581E+01 -0.9714959E-01  0.0000000E+00
 0.2432258E+01 -0.9633652E-01  0.0000000E+00
 0.2441935E+01 -0.9552672E-01  0.0000000E+00
 0.2451613E+01 -0.9472024E-01  0.0000000E+00
 0.2461290E+01 -0.9391712E-01  0.0000000E+00
 0.2470968E+01 -0.9311743E-01  0.0000000E+00
 0.2480645E+01 -0.9232119E-01  0.0000000E+00
 0.2490323E+01 -0.9152845E-01  0.0000000E+00
 0.2500000E+01 -0.9073924E-01  0.0000000E+00
 0.2509677E+01 -0.8995362E-01  0.0000000E+00
 0.2519355E+01 -0.8917160E-01  0.0000000E+00
 0.2529032E+01 -0.8839323E-01  0.0000000E+00
 0.2538710E+01 -0.8761855E-01  0.0000000E+00
 0.2548387E+01 -0.8684757E-01  0.0000000E+00
 0.2558065E+01 -0.8608033E-01  0.0000000E+00
 0.2567742E+01 -0.8531687E-01  0.0000000E+00
 0.2577419E+01 -0.8455720E-01  0.0000000E+00
 0.2587097E+01 -0.8380135E-01  0.0000000E+00
 0.2596774E+01 -0.8304935E-01  0.0000000E+00
 0.2606452E+01 -0.8230122E-01  0.0000000E+00
 0.2616129E+01 -0.8155698E-01  0.0000000E+00
 0.2625806E+01 -0.8081665E-01  0.0000000E+00
 0.2635484E+01 -0.8008025E-01  0.0000000E+00
 0.2645161E+01 -0.7934780E-01  0.0000000E+00
 0.2654839E+01 -0.7861931E-01  0.0000000E+00
 0.2664516E+01 -0.7789480E-01  0.0000000E+00
 0.2674194E+01 -0.7717428E-01  0.0000000E+00
 0.2683871E+01 -0.7645778E-01  0.0000000E+00
 0.2693548E+01 -0.7574529E-01  0.0000000E+00
 0.2703226E+01 -0.7503683E-01  0.0000000E+00
 0.2712903E+01 -0.7433242E-01  0.0000000E+00
 0.2722581E+01 -0.7363205E-01  0.0000000E+00
 0.2732258E+01 -0.7293574E-01  0.0000000E+00
 0.2741935E+01 -0.7224350E-01  0.0000000E+00
 0.2751613E+01 -0.7155533E-01  0.0000000E+00
 0.2761290E+01 -0.7087123E-01  0.0000000E+00
 0.2770968E+01 -0.7019122E-01  0.0000000E+00
 0.2780645E+01 -0.6951529E-01  0.0000000E+00
 0.2790323E+01 -0.6884346E-01  0.0000000E+00
 0.2800000E+01 -0.6817571E-01  0.0000000E+00
 0.2809677E+01 -0.6751205E-01  0.0000000E+00
 0.2819355E+01 -0.6685249E-01  0.0000000E+00
 0.2829032E+01 -0.6619702E-01  0.0000000E+00
 0.2838710E+01 -0.6554565E-01  0.0000000E+00
 0.2848387E+01 -0.6489836E-01  0.0000000E+00
 0.2858065E+01 -0.6425516E-01  0.0000000E+00
 0.2867742E+01 -0.6361605E-01  0.0000000E+00
 0.2877419E+01 -0.6298102E-01  0.0000000E+00
 0.2887097E+01 -0.6235007E-01  0.0000000E+00
 0.2896774E+01 -0.6172320E-01  0.0000000E+00
 0.2906452E+01 -0.6110039E-01  0.0000000E+00
 0.2916129E+01 -0.6048164E-01  0.0000000E+00
 0.2925806E+01 -0.5986696E-01  0.0000000E+00
 0.2935484E+01 -0.5925632E-01  0.0000000E+00
 0.2945161E+01 -0.5864972E-01  0.0000000E+00
 0.2954839E+01 -0.5804716E-01  0.0000000E+00
 0.2964516E+01 -0.5744863E-01  0.0000000E+00
 0.2974194E+01 -0.5685412E-01  0.0000000E+00
 0.2983871E+01 -0.5626361E-01  0.0000000E+00
 0.2993548E+01 -0.5567710E-01  0.0000000E+00
 0.3003226E+01 -0.5509458E-01  0.0000000E+00
 0.3012903E+01 -0.5451605E-01  0.0000000E+00
 0.3022581E+01 -0.5394147E-01  0.0000000E+00
 0.3032258E+01 -0.5337086E-01  0.0000000E+00
 0.3041935E+01 -0.5280419E-01  0.0000000E+00
 0.3051613E+01 -0.5224145E-01  0.0000000E+00
 0.3061290E+01 -0.5168264E-01  0.0000000E+00
 0.3070968E+01 -0.5112773E-01  0.0000000E+00
 0.3080645E+01 -0.5057672E-01  0.0000000E+00
 0.3090323E+01 -0.5002959E-01  0.0000000E+00
 0.3100000E+01 -0.4948633E-01  0.0000000E+00
 0.3109677E+01 -0.4894693E-01  0.0000000E+00
 0.3119355E+01 -0.4841136E-01  0.0000000E+00
 0.3129032E+01 -0.4787963E-01  0.0000000E+00
 0.3138710E+01 -0.4735170E-01  0.0000000E+00
 0.3148387E+01 -0.4682757E-01  0.0000000E+00
 0.3158065E+01 -0.4630722E-01  0.0000000E+00
 0.3167742E+01 -0.4579064E-01  0.0000000E+00
 0.3177419E+01 -0.4527781E-01  0.0000000E+00
 0.3187097E+01 -0.4476871E-01  0.0000000E+00
 0.3196774E+01 -0.4426333E-01  0.0000000E+00
 0.3206452E+01 -0.4376166E-01  0.0000000E+00
 0.3216129E+01 -0.4326367E-01  0.0000000E+00
 0.3225806E+01 -0.4276935E-01  0.0000000E+00
 0.3235484E+01 -0.4227869E-01  0.0000000E+00
 0.3245161E+01 -0.4179166E-01  0.0000000E+00
 0.3254839E+01 -0.4130825E-01  0.0000000E+00
 0.3264516E+01 -0.4082844E-01  0.0000000E+00
 0.3274194E+01 -0.4035221E-01  0.0000000E+00
 0.3283871E+01 -0.3987956E-01  0.0000000E+00
 0.3293548E+01 -0.3941045E-01  0.0000000E+00
 0.3303226E+01 -0.3894488E-01  0.0000000E+00
 0.3312903E+01 -0.3848281E-01  0.0000000E+00
 0.3322581E+01 -0.3802425E-01  0.0000000E+00
 0.3332258E+01 -0.3756916E-01  0.0000000E+00
 0.3341935E+01 -0.3711754E-01  0.0000000E+00
 0.3351613E+01 -0.3666935E-01  0.0000000E+00
 0.3361290E+01 -0.3622459E-01  0.0000000E+00
 0.3370968E+01 -0.3578323E-01  0.0000000E+00
 0.3380645E+01 -0.3534526E-01  0.0000000E+00
 0.3390323E+01 -0.3491065E-01  0.0000000E+00
 0.3400000E+01 -0.3447940E-01  0.0000000E+00
 0.3409677E+01 -0.3405148E-01  0.0000000E+00
 0.3419355E+01 -0.3362686E-01  0.0000000E+00
 0.3429032E+01 -0.3320555E-01  0.0000000E+00
 0.3438710E+01 -0.3278750E-01  0.0000000E+00
 0.3448387E+01 -0.3237271E-01  0.0000000E+00
 0.3458065E+01 -0.3196116E-01  0.0000000E+00
 0.3467742E+01 -0.3155282E-01  0.0000000E+00
 0.3477419E+01 -0.3114769E-01  0.0000000E+00
 0.3487097E+01 -0.3074573E-01  0.0000000E+00
 0.3496774E+01 -0.3034693E-01  0.0000000E+00
 0.3506452E+01 -0.2995128E-01  0.0000000E+00
 0.3516129E+01 -0.2955875E-01  0.0000000E+00
 0.3525806E+01 -0.2916932E-01  0.0000000E+00
 0.3535484E+01 -0.2878297E-01  0.0000000E+00
 0.3545161E+01 -0.2839969E-01  0.0000000E+00
 0.3554839E+01 -0.2801946E-01  0.0000000E+00
 0.3564516E+01 -0.2764226E-01  0.0000000E+00
 0.3574194E+01 -0.2726806E-01  0.0000000E+00
 0.3583871E+01 -0.2689685E-01  0.0000000E+00
 0.3593548E+01 -0.2652862E-01  0.0000000E+00
 0.3603226E+01 -0.2616333E-01  0.0000000E+00
 0.3612903E+01 -0.2580098E-01  0.0000000E+00
 0.3622581E+01 -0.2544154E-01  0.0000000E+00
 0.3632258E+01 -0.2508499E-01  0.0000000E+00
 0.3641935E+01 -0.2473132E-01  0.0000000E+00
 0.3651613E+01 -0.2438051E-01  0.0000000E+00
 0.3661290E+01 -0.2403253E-01  0.0000000E+00
 0.3670968E+01 -0.2368738E-01  0.0000000E+00
 0.3680645E+01 -0.2334502E-01  0.0000000E+00
 0.3690323E+01 -0.2300545E-01  0.0000000E+00
 0.3700000E+01 -0.2266864E-01  0.0000000E+00
 0.3709677E+01 -0.2233457E-01  0.0000000E+00
 0.3719355E+01 -0.2200323E-01  0.0000000E+00
 0.3729032E+01 -0.2167460E-01  0.0000000E+00
 0.3738710E+01 -0.2134865E-01  0.0000000E+00
 0.3748387E+01 -0.2102537E-01  0.0000000E+00
 0.3758065E+01 -0.2070475E-01  0.0000000E+00
 0.3767742E+01 -0.2038676E-01  0.0000000E+00
 0.3777419E+01 -0.2007139E-01  0.0000000E+00
 0.3787097E+01 -0.1975861E-01  0.0000000E+00
 0.3796774E+01 -0.1944841E-01  0.0000000E+00
 0.3806452E+01 -0.1914077E-01  0.0000000E+00
 0.3816129E+01 -0.1883568E-01  0.0000000E+00
 0.3825806E+01 -0.1853311E-01  0.0000000E+00
 0.3835484E+01 -0.1823304E-01  0.0000000E+00
 0.3845161E+01 -0.1793547E-01  0.0000000E+00
 0.3854839E+01 -0.1764036E-01  0.0000000E+00
 0.3864516E+01 -0.1734771E-01  0.0000000E+00
 0.3874194E+01 -0.1705750E-01  0.0000000E+00
 0.3883871E+01 -0.1676970E-01  0.0000000E+00
 0.3893548E+01 -0.1648431E-01  0.0000000E+00
 0.3903226E+01 -0.1620129E-01  0.0000000E+00
 0.3912903E+01 -0.1592065E-01  0.0000000E+00
 0.3922581E+01 -0.1564235E-01  0.0000000E+00
 0.3932258E+01 -0.1536638E-01  0.0000000E+00
 0.3941935E+01 -0.1509273E-01  0.0000000E+00
 0.3951613E+01 -0.1482137E-01  0.0000000E+00
 0.3961290E+01 -0.1455230E-01  0.0000000E+00
 0.3970968E+01 -0.1428549E-01  0.0000000E+00
 0.3980645E+01 -0.1402092E-01  0.0000000E+00
 0.3990323E+01 -0.1375859E-01  0.0000000E+00
 0.4000000E+01 -0.1349846E-01  0.0000000E+00
 0.4009677E+01 -0.1324054E-01  0.0000000E+00
 0.4019355E+01 -0.1298479E-01  0.0000000E+00
 0.4029032E+01 -0.1273121E-01  0.0000000E+00
 0.4038710E+01 -0.1247978E-01  0.0000000E+00
 0.4048387E+01 -0.1223047E-01  0.0000000E+00
 0.4058065E+01 -0.1198329E-01  0.0000000E+00
 0.4067742E+01 -0.1173820E-01  0.0000000E+00
 0.4077419E+01 -0.1149519E-01  0.0000000E+00
 0.4087097E+01 -0.1125425E-01  0.0000000E+00
 0.4096774E+01 -0.1101536E-01  0.0000000E+00
 0.4106452E+01 -0.1077851E-01  0.0000000E+00
 0.4116129E+01 -0.1054367E-01  0.0000000E+00
 0.4125806E+01 -0.1031084E-01  0.0000000E+00
 0.4135484E+01 -0.1008000E-01  0.0000000E+00
 0.4145161E+01 -0.9851136E-02  0.0000000E+00
 0.4154839E+01 -0.9624227E-02  0.0000000E+00
 0.4164516E+01 -0.9399261E-02  0.0000000E+00
 0.4174194E+01 -0.9176222E-02  0.0000000E+00
 0.4183871E+01 -0.8955095E-02  0.0000000E+00
 0.4193548E+01 -0.8735867E-02  0.0000000E+00
 0.4203226E+01 -0.8518521E-02  0.0000000E+00
 0.4212903E+01 -0.8303044E-02  0.0000000E+00
 0.4222581E+01 -0.8089419E-02  0.0000000E+00
 0.4232258E+01 -0.7877634E-02  0.0000000E+00
 0.4241935E+01 -0.7667672E-02  0.0000000E+00
 0.4251613E+01 -0.7459521E-02  0.0000000E+00
 0.4261290E+01 -0.7253165E-02  0.0000000E+00
 0.4270968E+01 -0.7048590E-02  0.0000000E+00
 0.4280645E+01 -0.6845783E-02  0.0000000E+00
 0.4290323E+01 -0.6644728E-02  0.0000000E+00
 0.4300000E+01 -0.6445413E-02  0.0000000E+00
 0.4309677E+01 -0.6247822E-02  0.0000000E+00
 0.4319355E+01 -0.6051943E-02  0.0000000E+00
 0.4329032E+01 -0.5857762E-02  0.0000000E+00
 0.4338710E+01 -0.5665265E-02  0.0000000E+00
 0.4348387E+01 -0.5474438E-02  0.0000000E+00
 0.4358065E+01 -0.5285268E-02  0.0000000E+00
 0.4367742E+01 -0.5097742E-02  0.0000000E+00
 0.4377419E+01 -0.4911847E-02  0.0000000E+00
 0.4387097E+01 -0.4727568E-02  0.0000000E+00
 0.4396774E+01 -0.4544894E-02  0.0000000E+00
 0.4406452E+01 -0.4363811E-02  0.0000000E+00
 0.4416129E+01 -0.4184306E-02  0.0000000E+00
 0.4425806E+01 -0.4006366E-02  0.0000000E+00
 0.4435484E+01 -0.3829979E-02  0.0000000E+00
 0.4445161E+01 -0.3655132E-02  0.0000000E+00
 0.4454839E+01 -0.3481812E-02  0.0000000E+00
 0.4464516E+01 -0.3310008E-02  0.0000000E+00
 0.4474194E+01 -0.3139705E-02  0.0000000E+00
 0.4483871E+01 -0.2970893E-02  0.0000000E+00
 0.4493548E+01 -0.2803558E-02  0.0000000E+00
 0.4503226E+01 -0.2637690E-02  0.0000000E+00
 0.4512903E+01 -0.2473275E-02  0.0000000E+00
 0.4522581E+01 -0.2310302E-02  0.0000000E+00
 0.4532258E+01 -0.2148758E-02  0.0000000E+00
 0.4541935E+01 -0.1988633E-02  0.0000000E+00
 0.4551613E+01 -0.1829913E-02  0.0000000E+00
 0.4561290E+01 -0.1672589E-02  0.0000000E+00
 0.4570968E+01 -0.1516647E-02  0.0000000E+00
 0.4580645E+01 -0.1362077E-02  0.0000000E+00
 0.4590323E+01 -0.1208867E-02  0.0000000E+00
 0.4600000E+01 -0.1057006E-02  0.0000000E+00
 0.4609677E+01 -0.9064826E-03  0.0000000E+00
 0.4619355E+01 -0.7572856E-03  0.0000000E+00
 0.4629032E+01 -0.6094040E-03  0.0000000E+00
 0.4638710E+01 -0.4628267E-03  0.0000000E+00
 0.4648387E+01 -0.3175429E-03  0.0000000E+00
 0.4658065E+01 -0.1735417E-03  0.0000000E+00
 0.4667742E+01 -0.3081244E-04  0.0000000E+00
 0.4677419E+01  0.1106556E-03  0.0000000E+00
 0.4687097E+01  0.2508731E-03  0.0000000E+00
 0.4696774E+01  0.3898505E-03  0.0000000E+00
 0.4706452E+01  0.5275982E-03  0.0000000E+00
 0.4716129E+01  0.6641267E-03  0.0000000E+00
 0.4725806E+01  0.7994461E-03  0.0000000E+00
 0.4735484E+01  0.9335668E-03  0.0000000E+00
 0.4745161E+01  0.1066499E-02  0.0000000E+00
 0.4754839E+01  0.1198252E-02  0.0000000E+00
 0.4764516E+01  0.1328837E-02  0.0000000E+00
 0.4774194E+01  0.1458263E-02  0.0000000E+00
 0.4783871E+01  0.1586540E-02  0.0000000E+00
 0.4793548E+01  0.1713678E-02  0.0000000E+00
 0.4803226E+01  0.1839686E-02  0.0000000E+00
 0.4812903E+01  0.1964575E-02  0.0000000E+00
 0.4822581E+01  0.2088353E-02  0.0000000E+00
 0.4832258E+01  0.2211030E-02  0.0000000E+00
 0.4841935E+01  0.2332616E-02  0.0000000E+00
 0.4851613E+01  0.2453120E-02  0.0000000E+00
 0.4861290E+01  0.2572551E-02  0.0000000E+00
 0.4870968E+01  0.2690918E-02  0.0000000E+00
 0.4880645E+01  0.2808230E-02  0.0000000E+00
 0.4890323E+01  0.2924497E-02  0.0000000E+00
 0.4900000E+01  0.3039727E-02  0.0000000E+00
 0.4909677E+01  0.3153929E-02  0.0000000E+00
 0.4919355E+01  0.3267112E-02  0.0000000E+00
 0.4929032E+01  0.3379285E-02  0.0000000E+00
 0.4938710E+01  0.3490456E-02  0.0000000E+00
 0.4948387E+01  0.3600635E-02  0.0000000E+00
 0.4958065E+01  0.3709829E-02  0.0000000E+00
 0.4967742E+01  0.3818047E-02  0.0000000E+00
 0.4977419E+01  0.3925297E-02  0.0000000E+00
 0.4987097E+01  0.4031589E-02  0.0000000E+00
 0.4996774E+01  0.4136930E-02  0.0000000E+00
 0.5006452E+01  0.4241327E-02  0.0000000E+00
 0.5016129E+01  0.4344791E-02  0.0000000E+00
 0.5025806E+01  0.4447328E-02  0.0000000E+00
 0.5035484E+01  0.4548946E-02  0.0000000E+00
 0.5045161E+01  0.4649654E-02  0.0000000E+00
 0.5054839E+01  0.4749460E-02  0.0000000E+00
 0.5064516E+01  0.4848371E-02  0.0000000E+00
 0.5074194E+01  0.4946394E-02  0.0000000E+00
 0.5083871E+01  0.5043539E-02  0.0000000E+00
 0.5093548E+01  0.5139811E-02  0.0000000E+00
 0.5103226E+01  0.5235220E-02  0.0000000E+00
 0.5112903E+01  0.5329772E-02  0.0000000E+00
 0.5122581E+01  0.5423475E-02  0.0000000E+00
 0.5132258E+01  0.5516336E-02  0.0000000E+00
 0.5141935E+01  0.5608363E-02  0.0000000E+00
 0.5151613E+01  0.5699563E-02  0.0000000E+00
 0.5161290E+01  0.5789943E-02  0.0000000E+00
 0.5170968E+01  0.5879510E-02  0.0000000E+00
 0.5180645E+01  0.5968272E-02  0.0000000E+00
 0.5190323E+01  0.6056235E-02  0.0000000E+00
 0.5200000E+01  0.6143406E-02  0.0000000E+00
 0.5209677E+01  0.6229792E-02  0.0000000E+00
 0.5219355E+01  0.6315401E-02  0.0000000E+00
 0.5229032E+01  0.6400239E-02  0.0000000E+00
 0.5238710E+01  0.6484312E-02  0.0000000E+00
 0.5248387E+01  0.6567628E-02  0.0000000E+00
 0.5258065E+01  0.6650193E-02  0.0000000E+00
 0.5267742E+01  0.6732014E-02  0.0000000E+00
 0.5277419E+01  0.6813097E-02  0.0000000E+00
 0.5287097E+01  0.6893449E-02  0.0000000E+00
 0.5296774E+01  0.6973075E-02  0.0000000E+00
 0.5306452E+01  0.7051984E-02  0.0000000E+00
 0.5316129E+01  0.7130180E-02  0.0000000E+00
 0.5325806E+01  0.7207670E-02  0.0000000E+00
 0.5335484E+01  0.7284460E-02  0.0000000E+00
 0.5345161E+01  0.7360557E-02  0.0000000E+00
 0.5354839E+01  0.7435967E-02  0.0000000E+00
 0.5364516E+01  0.7510695E-02  0.0000000E+00
 0.5374194E+01  0.7584748E-02  0.0000000E+00
 0.5383871E+01  0.7658131E-02  0.0000000E+00
 0.5393548E+01  0.7730851E-02  0.0000000E+00
 0.5403226E+01  0.7802913E-02  0.0000000E+00
 0.5412903E+01  0.7874324E-02  0.0000000E+00
 0.5422581E+01  0.7945088E-02  0.0000000E+00
 0.5432258E+01  0.8015212E-02  0.0000000E+00
 0.5441935E+01  0.8084702E-02  0.0000000E+00
 0.5451613E+01  0.8153562E-02  0.0000000E+00
 0.5461290E+01  0.8221799E-02  0.0000000E+00
 0.5470968E+01  0.8289418E-02  0.0000000E+00
 0.5480645E+01  0.8356425E-02  0.0000000E+00
 0.5490323E+01  0.8422824E-02  0.0000000E+00
 0.5500000E+01  0.8488622E-02  0.0000000E+00
 0.5509677E+01  0.8553824E-02  0.0000000E+00
 0.5519355E+01  0.8618434E-02  0.0000000E+00
 0.5529032E+01  0.8682459E-02  0.0000000E+00
 0.5538710E+01  0.8745903E-02  0.0000000E+00
 0.5548387E+01  0.8808772E-02  0.0000000E+00
 0.5558065E+01  0.8871071E-02  0.0000000E+00
 0.5567742E+01  0.8932804E-02  0.0000000E+00
 0.5577419E+01  0.8993977E-02  0.0000000E+00
 0.5587097E+01  0.9054595E-02  0.0000000E+00
 0.5596774E+01  0.9114663E-02  0.0000000E+00
 0.5606452E+01  0.9174185E-02  0.0000000E+00
 0.5616129E+01  0.9233167E-02  0.0000000E+00
 0.5625806E+01  0.9291613E-02  0.0000000E+00
 0.5635484E+01  0.9349528E-02  0.0000000E+00
 0.5645161E+01  0.9406917E-02  0.0000000E+00
 0.5654839E+01  0.9463785E-02  0.0000000E+00
 0.5664516E+01  0.9520136E-02  0.0000000E+00
 0.5674194E+01  0.9575975E-02  0.0000000E+00
 0.5683871E+01  0.9631306E-02  0.0000000E+00
 0.5693548E+01  0.9686134E-02  0.0000000E+00
 0.5703226E+01  0.9740463E-02  0.0000000E+00
 0.5712903E+01  0.9794298E-02  0.0000000E+00
 0.5722581E+01  0.9847644E-02  0.0000000E+00
 0.5732258E+01  0.9900504E-02  0.0000000E+00
 0.5741935E+01  0.9952883E-02  0.0000000E+00
 0.5751613E+01  0.1000479E-01  0.0000000E+00
 0.5761290E+01  0.1005622E-01  0.0000000E+00
 0.5770968E+01  0.1010718E-01  0.0000000E+00
 0.5780645E+01  0.1015768E-01  0.0000000E+00
 0.5790323E+01  0.1020771E-01  0.0000000E+00
 0.5800000E+01  0.1025730E-01  0.0000000E+00
 0.5809677E+01  0.1030643E-01  0.0000000E+00
 0.5819355E+01  0.1035511E-01  0.0000000E+00
 0.5829032E+01  0.1040335E-01  0.0000000E+00
 0.5838710E+01  0.1045115E-01  0.0000000E+00
 0.5848387E+01  0.1049852E-01  0.0000000E+00
 0.5858065E+01  0.1054545E-01  0.0000000E+00
 0.5867742E+01  0.1059195E-01  0.0000000E+00
 0.5877419E+01  0.1063803E-01  0.0000000E+00
 0.5887097E+01  0.1068369E-01  0.0000000E+00
 0.5896774E+01  0.1072894E-01  0.0000000E+00
 0.5906452E+01  0.1077377E-01  0.0000000E+00
 0.5916129E+01  0.1081819E-01  0.0000000E+00
 0.5925806E+01  0.1086221E-01  0.0000000E+00
 0.5935484E+01  0.1090583E-01  0.0000000E+00
 0.5945161E+01  0.1094905E-01  0.0000000E+00
 0.5954839E+01  0.1099187E-01  0.0000000E+00
 0.5964516E+01  0.1103430E-01  0.0000000E+00
 0.5974194E+01  0.1107635E-01  0.0000000E+00
 0.5983871E+01  0.1111801E-01  0.0000000E+00
 0.5993548E+01  0.1115929E-01  0.0000000E+00
 0.6003226E+01  0.1120019E-01  0.0000000E+00
 0.6012903E+01  0.1124072E-01  0.0000000E+00
 0.6022581E+01  0.1128088E-01  0.0000000E+00
 0.6032258E+01  0.1132068E-01  0.0000000E+00
 0.6041935E+01  0.1136011E-01  0.0000000E+00
 0.6051613E+01  0.1139918E-01  0.0000000E+00
 0.6061290E+01  0.1143789E-01  0.0000000E+00
 0.6070968E+01  0.1147625E-01  0.0000000E+00
 0.6080645E+01  0.1151426E-01  0.0000000E+00
 0.6090323E+01  0.1155192E-01  0.0000000E+00
 0.6100000E+01  0.1158924E-01  0.0000000E+00
 0.6109677E+01  0.1162621E-01  0.0000000E+00
 0.6119355E+01  0.1166285E-01  0.0000000E+00
 0.6129032E+01  0.1169915E-01  0.0000000E+00
 0.6138710E+01  0.1173512E-01  0.0000000E+00
 0.6148387E+01  0.1177076E-01  0.0000000E+00
 0.6158065E+01  0.1180608E-01  0.0000000E+00
 0.6167742E+01  0.1184107E-01  0.0000000E+00
 0.6177419E+01  0.1187574E-01  0.0000000E+00
 0.6187097E+01  0.1191010E-01  0.0000000E+00
 0.6196774E+01  0.1194414E-01  0.0000000E+00
 0.6206452E+01  0.1197787E-01  0.0000000E+00
 0.6216129E+01  0.1201129E-01  0.0000000E+00
 0.6225806E+01  0.1204440E-01  0.0000000E+00
 0.6235484E+01  0.1207721E-01  0.0000000E+00
 0.6245161E+01  0.1210972E-01  0.0000000E+00
 0.6254839E+01  0.1214194E-01  0.0000000E+00
 0.6264516E+01  0.1217385E-01  0.0000000E+00
 0.6274194E+01  0.1220548E-01  0.0000000E+00
 0.6283871E+01  0.1223682E-01  0.0000000E+00
 0.6293548E+01  0.1226786E-01  0.0000000E+00
 0.6303226E+01  0.1229863E-01  0.0000000E+00
 0.6312903E+01  0.1232911E-01  0.0000000E+00
 0.6322581E+01  0.1235932E-01  0.0000000E+00
 0.6332258E+01  0.1238924E-01  0.0000000E+00
 0.6341935E+01  0.1241889E-01  0.0000000E+00
 0.6351613E+01  0.1244828E-01  0.0000000E+00
 0.6361290E+01  0.1247739E-01  0.0000000E+00
 0.6370968E+01  0.1250623E-01  0.0000000E+00
 0.6380645E+01  0.1253481E-01  0.0000000E+00
 0.6390323E+01  0.1256313E-01  0.0000000E+00
 0.6400000E+01  0.1259119E-01  0.0000000E+00
 0.6409677E+01  0.1261899E-01  0.0000000E+00
 0.6419355E+01  0.1264654E-01  0.0000000E+00
 0.6429032E+01  0.1267383E-01  0.0000000E+00
 0.6438710E+01  0.1270087E-01  0.0000000E+00
 0.6448387E+01  0.1272767E-01  0.0000000E+00
 0.6458065E+01  0.1275422E-01  0.0000000E+00
 0.6467742E+01  0.1278053E-01  0.0000000E+00
 0.6477419E+01  0.1280659E-01  0.0000000E+00
 0.6487097E+01  0.1283242E-01  0.0000000E+00
 0.6496774E+01  0.1285801E-01  0.0000000E+00
 0.6506452E+01  0.1288336E-01  0.0000000E+00
 0.6516129E+01  0.1290848E-01  0.0000000E+00
 0.6525806E+01  0.1293337E-01  0.0000000E+00
 0.6535484E+01  0.1295803E-01  0.0000000E+00
 0.6545161E+01  0.1298247E-01  0.0000000E+00
 0.6554839E+01  0.1300668E-01  0.0000000E+00
 0.6564516E+01  0.1303067E-01  0.0000000E+00
 0.6574194E+01  0.1305444E-01  0.0000000E+00
 0.6583871E+01  0.1307799E-01  0.0000000E+00
 0.6593548E+01  0.1310133E-01  0.0000000E+00
 0.6603226E+01  0.1312445E-01  0.0000000E+00
 0.6612903E+01  0.1314735E-01  0.0000000E+00
 0.6622581E+01  0.1317005E-01  0.0000000E+00
 0.6632258E+01  0.1319254E-01  0.0000000E+00
 0.6641935E+01  0.1321482E-01  0.0000000E+00
 0.6651613E+01  0.1323690E-01  0.0000000E+00
 0.6661290E+01  0.1325878E-01  0.0000000E+00
 0.6670968E+01  0.1328045E-01  0.0000000E+00
 0.6680645E+01  0.1330193E-01  0.0000000E+00
 0.6690323E+01  0.1332321E-01  0.0000000E+00
 0.6700000E+01  0.1334429E-01  0.0000000E+00
 0.6709677E+01  0.1336518E-01  0.0000000E+00
 0.6719355E+01  0.1338587E-01  0.0000000E+00
 0.6729032E+01  0.1340638E-01  0.0000000E+00
 0.6738710E+01  0.1342670E-01  0.0000000E+00
 0.6748387E+01  0.1344683E-01  0.0000000E+00
 0.6758065E+01  0.1346677E-01  0.0000000E+00
 0.6767742E+01  0.1348654E-01  0.0000000E+00
 0.6777419E+01  0.1350612E-01  0.0000000E+00
 0.6787097E+01  0.1352552E-01  0.0000000E+00
 0.6796774E+01  0.1354474E-01  0.0000000E+00
 0.6806452E+01  0.1356379E-01  0.0000000E+00
 0.6816129E+01  0.1358266E-01  0.0000000E+00
 0.6825806E+01  0.1360136E-01  0.0000000E+00
 0.6835484E+01  0.1361988E-01  0.0000000E+00
 0.6845161E+01  0.1363824E-01  0.0000000E+00
 0.6854839E+01  0.1365642E-01  0.0000000E+00
 0.6864516E+01  0.1367444E-01  0.0000000E+00
 0.6874194E+01  0.1369230E-01  0.0000000E+00
 0.6883871E+01  0.1370999E-01  0.0000000E+00
 0.6893548E+01  0.1372751E-01  0.0000000E+00
 0.6903226E+01  0.1374488E-01  0.0000000E+00
 0.6912903E+01  0.1376208E-01  0.0000000E+00
 0.6922581E+01  0.1377913E-01  0.0000000E+00
 0.6932258E+01  0.1379602E-01  0.0000000E+00
 0.6941935E+01  0.1381276E-01  0.0000000E+00
 0.6951613E+01  0.1382934E-01  0.0000000E+00
 0.6961290E+01  0.1384576E-01  0.0000000E+00
 0.6970968E+01  0.1386204E-01  0.0000000E+00
 0.6980645E+01  0.1387817E-01  0.0000000E+00
 0.6990323E+01  0.1389415E-01  0.0000000E+00
 0.7000000E+01  0.1390998E-01  0.0000000E+00
 0.7009677E+01  0.1392567E-01  0.0000000E+00
 0.7019355E+01  0.1394121E-01  0.0000000E+00
 0.7029032E+01  0.1395661E-01  0.0000000E+00
 0.7038710E+01  0.1397186E-01  0.0000000E+00
 0.7048387E+01  0.1398698E-01  0.0000000E+00
 0.7058065E+01  0.1400196E-01  0.0000000E+00
 0.7067742E+01  0.1401680E-01  0.0000000E+00
 0.7077419E+01  0.1403150E-01  0.0000000E+00
 0.7087097E+01  0.1404607E-01  0.0000000E+00
 0.7096774E+01  0.1406050E-01  0.0000000E+00
 0.7106452E+01  0.1407480E-01  0.0000000E+00
 0.7116129E+01  0.1408897E-01  0.0000000E+00
 0.7125806E+01  0.1410301E-01  0.0000000E+00
 0.7135484E+01  0.1411691E-01  0.0000000E+00
 0.7145161E+01  0.1413069E-01  0.0000000E+00
 0.7154839E+01  0.1414435E-01  0.0000000E+00
 0.7164516E+01  0.1415788E-01  0.0000000E+00
 0.7174194E+01  0.1417128E-01  0.0000000E+00
 0.7183871E+01  0.1418456E-01  0.0000000E+00
 0.7193548E+01  0.1419772E-01  0.0000000E+00
 0.7203226E+01  0.1421075E-01  0.0000000E+00
 0.7212903E+01  0.1422367E-01  0.0000000E+00
 0.7222581E+01  0.1423647E-01  0.0000000E+00
 0.7232258E+01  0.1424915E-01  0.0000000E+00
 0.7241935E+01  0.1426171E-01  0.0000000E+00
 0.7251613E+01  0.1427416E-01  0.0000000E+00
 0.7261290E+01  0.1428649E-01  0.0000000E+00
 0.7270968E+01  0.1429871E-01  0.0000000E+00
 0.7280645E+01  0.1431081E-01  0.0000000E+00
 0.7290323E+01  0.1432281E-01  0.0000000E+00
 0.7300000E+01  0.1433469E-01  0.0000000E+00
 0.7309677E+01  0.1434646E-01  0.0000000E+00
 0.7319355E+01  0.1435813E-01  0.0000000E+00
 0.7329032E+01  0.1436969E-01  0.0000000E+00
 0.7338710E+01  0.1438114E-01  0.0000000E+00
 0.7348387E+01  0.1439248E-01  0.0000000E+00
 0.7358065E+01  0.1440373E-01  0.0000000E+00
 0.7367742E+01  0.1441486E-01  0.0000000E+00
 0.7377419E+01  0.1442590E-01  0.0000000E+00
 0.7387097E+01  0.1443683E-01  0.0000000E+00
 0.7396774E+01  0.1444766E-01  0.0000000E+00
 0.7406452E+01  0.1445840E-01  0.0000000E+00
 0.7416129E+01  0.1446903E-01  0.0000000E+00
 0.7425806E+01  0.1447957E-01  0.0000000E+00
 0.7435484E+01  0.1449000E-01  0.0000000E+00
 0.7445161E+01  0.1450035E-01  0.0000000E+00
 0.7454839E+01  0.1451059E-01  0.0000000E+00
 0.7464516E+01  0.1452075E-01  0.0000000E+00
 0.7474194E+01  0.1453080E-01  0.0000000E+00
 0.7483871E+01  0.1454077E-01  0.0000000E+00
 0.7493548E+01  0.1455064E-01  0.0000000E+00
 0.7503226E+01  0.1456043E-01  0.0000000E+00
 0.7512903E+01  0.1457012E-01  0.0000000E+00
 0.7522581E+01  0.1457972E-01  0.0000000E+00
 0.7532258E+01  0.1458924E-01  0.0000000E+00
 0.7541935E+01  0.1459866E-01  0.0000000E+00
 0.7551613E+01  0.1460800E-01  0.0000000E+00
 0.7561290E+01  0.1461726E-01  0.0000000E+00
 0.7570968E+01  0.1462643E-01  0.0000000E+00
 0.7580645E+01  0.1463551E-01  0.0000000E+00
 0.7590323E+01  0.1464451E-01  0.0000000E+00
 0.7600000E+01  0.1465343E-01  0.0000000E+00
 0.7609677E+01  0.1466226E-01  0.0000000E+00
 0.7619355E+01  0.1467102E-01  0.0000000E+00
 0.7629032E+01  0.1467969E-01  0.0000000E+00
 0.7638710E+01  0.1468828E-01  0.0000000E+00
 0.7648387E+01  0.1469679E-01  0.0000000E+00
 0.7658065E+01  0.1470523E-01  0.0000000E+00
 0.7667742E+01  0.1471358E-01  0.0000000E+00
 0.7677419E+01  0.1472186E-01  0.0000000E+00
 0.7687097E+01  0.1473007E-01  0.0000000E+00
 0.7696774E+01  0.1473819E-01  0.0000000E+00
 0.7706452E+01  0.1474625E-01  0.0000000E+00
 0.7716129E+01  0.1475422E-01  0.0000000E+00
 0.7725806E+01  0.1476213E-01  0.0000000E+00
 0.7735484E+01  0.1476996E-01  0.0000000E+00
 0.7745161E+01  0.1477772E-01  0.0000000E+00
 0.7754839E+01  0.1478541E-01  0.0000000E+00
 0.7764516E+01  0.1479302E-01  0.0000000E+00
 0.7774194E+01  0.1480057E-01  0.0000000E+00
 0.7783871E+01  0.1480805E-01  0.0000000E+00
 0.7793548E+01  0.1481545E-01  0.0000000E+00
 0.7803226E+01  0.1482279E-01  0.0000000E+00
 0.7812903E+01  0.1483006E-01  0.0000000E+00
 0.7822581E+01  0.1483727E-01  0.0000000E+00
 0.7832258E+01  0.1484441E-01  0.0000000E+00
 0.7841935E+01  0.1485148E-01  0.0000000E+00
 0.7851613E+01  0.1485848E-01  0.0000000E+00
 0.7861290E+01  0.1486543E-01  0.0000000E+00
 0.7870968E+01  0.1487230E-01  0.0000000E+00
 0.7880645E+01  0.1487912E-01  0.0000000E+00
 0.7890323E+01  0.1488587E-01  0.0000000E+00
 0.7900000E+01  0.1489256E-01  0.0000000E+00
 0.7909677E+01  0.1489919E-01  0.0000000E+00
 0.7919355E+01  0.1490575E-01  0.0000000E+00
 0.7929032E+01  0.1491226E-01  0.0000000E+00
 0.7938710E+01  0.1491870E-01  0.0000000E+00
 0.7948387E+01  0.1492509E-01  0.0000000E+00
 0.7958065E+01  0.1493141E-01  0.0000000E+00
 0.7967742E+01  0.1493768E-01  0.0000000E+00
 0.7977419E+01  0.1494389E-01  0.0000000E+00
 0.7987097E+01  0.1495005E-01  0.0000000E+00
 0.7996774E+01  0.1495614E-01  0.0000000E+00
 0.8006452E+01  0.1496218E-01  0.0000000E+00
 0.8016129E+01  0.1496816E-01  0.0000000E+00
 0.8025806E+01  0.1497409E-01  0.0000000E+00
 0.8035484E+01  0.1497997E-01  0.0000000E+00
 0.8045161E+01  0.1498579E-01  0.0000000E+00
 0.8054839E+01  0.1499155E-01  0.0000000E+00
 0.8064516E+01  0.1499727E-01  0.0000000E+00
 0.8074194E+01  0.1500293E-01  0.0000000E+00
 0.8083871E+01  0.1500853E-01  0.0000000E+00
 0.8093548E+01  0.1501409E-01  0.0000000E+00
 0.8103226E+01  0.1501959E-01  0.0000000E+00
 0.8112903E+01  0.1502505E-01  0.0000000E+00
 0.8122581E+01  0.1503045E-01  0.0000000E+00
 0.8132258E+01  0.1503580E-01  0.0000000E+00
 0.8141935E+01  0.1504111E-01  0.0000000E+00
 0.8151613E+01  0.1504636E-01  0.0000000E+00
 0.8161290E+01  0.1505157E-01  0.0000000E+00
 0.8170968E+01  0.1505672E-01  0.0000000E+00
 0.8180645E+01  0.1506183E-01  0.0000000E+00
 0.8190323E+01  0.1506690E-01  0.0000000E+00
 0.8200000E+01  0.1507191E-01  0.0000000E+00
 0.8209677E+01  0.1507688E-01  0.0000000E+00
 0.8219355E+01  0.1508181E-01  0.0000000E+00
 0.8229032E+01  0.1508669E-01  0.0000000E+00
 0.8238710E+01  0.1509152E-01  0.0000000E+00
 0.8248387E+01  0.1509631E-01  0.0000000E+00
 0.8258065E+01  0.1510105E-01  0.0000000E+00
 0.8267742E+01  0.1510575E-01  0.0000000E+00
 0.8277419E+01  0.1511041E-01  0.0000000E+00
 0.8287097E+01  0.1511502E-01  0.0000000E+00
 0.8296774E+01  0.1511960E-01  0.0000000E+00
 0.8306452E+01  0.1512412E-01  0.0000000E+00
 0.8316129E+01  0.1512861E-01  0.0000000E+00
 0.8325806E+01  0.1513306E-01  0.0000000E+00
 0.8335484E+01  0.1513746E-01  0.0000000E+00
 0.8345161E+01  0.1514183E-01  0.0000000E+00
 0.8354839E+01  0.1514615E-01  0.0000000E+00
 0.8364516E+01  0.1515043E-01  0.0000000E+00
 0.8374194E+01  0.1515468E-01  0.0000000E+00
 0.8383871E+01  0.1515888E-01  0.0000000E+00
 0.8393548E+01  0.1516305E-01  0.0000000E+00
 0.8403226E+01  0.1516717E-01  0.0000000E+00
 0.8412903E+01  0.1517126E-01  0.0000000E+00
 0.8422581E+01  0.1517531E-01  0.0000000E+00
 0.8432258E+01  0.1517933E-01  0.0000000E+00
 0.8441935E+01  0.1518331E-01  0.0000000E+00
 0.8451613E+01  0.1518725E-01  0.0000000E+00
 0.8461290E+01  0.1519115E-01  0.0000000E+00
 0.8470968E+01  0.1519502E-01  0.0000000E+00
 0.8480645E+01  0.1519885E-01  0.0000000E+00
 0.8490323E+01  0.1520264E-01  0.0000000E+00
 0.8500000E+01  0.1520640E-01  0.0000000E+00
 0.8509677E+01  0.1521013E-01  0.0000000E+00
 0.8519355E+01  0.1521382E-01  0.0000000E+00
 0.8529032E+01  0.1521748E-01  0.0000000E+00
 0.8538710E+01  0.1522110E-01  0.0000000E+00
 0.8548387E+01  0.1522469E-01  0.0000000E+00
 0.8558065E+01  0.1522825E-01  0.0000000E+00
 0.8567742E+01  0.1523177E-01  0.0000000E+00
 0.8577419E+01  0.1523527E-01  0.0000000E+00
 0.8587097E+01  0.1523873E-01  0.0000000E+00
 0.8596774E+01  0.1524215E-01  0.0000000E+00
 0.8606452E+01  0.1524555E-01  0.0000000E+00
 0.8616129E+01  0.1524891E-01  0.0000000E+00
 0.8625806E+01  0.1525224E-01  0.0000000E+00
 0.8635484E+01  0.1525555E-01  0.0000000E+00
 0.8645161E+01  0.1525882E-01  0.0000000E+00
 0.8654839E+01  0.1526206E-01  0.0000000E+00
 0.8664516E+01  0.1526527E-01  0.0000000E+00
 0.8674194E+01  0.1526845E-01  0.0000000E+00
 0.8683871E+01  0.1527160E-01  0.0000000E+00
 0.8693548E+01  0.1527473E-01  0.0000000E+00
 0.8703226E+01  0.1527782E-01  0.0000000E+00
 0.8712903E+01  0.1528089E-01  0.0000000E+00
 0.8722581E+01  0.1528392E-01  0.0000000E+00
 0.8732258E+01  0.1528693E-01  0.0000000E+00
 0.8741935E+01  0.1528991E-01  0.0000000E+00
 0.8751613E+01  0.1529287E-01  0.0000000E+00
 0.8761290E+01  0.1529579E-01  0.0000000E+00
 0.8770968E+01  0.1529869E-01  0.0000000E+00
 0.8780645E+01  0.1530156E-01  0.0000000E+00
 0.8790323E+01  0.1530441E-01  0.0000000E+00
 0.8800000E+01  0.1530723E-01  0.0000000E+00
 0.8809677E+01  0.1531002E-01  0.0000000E+00
 0.8819355E+01  0.1531279E-01  0.0000000E+00
 0.8829032E+01  0.1531553E-01  0.0000000E+00
 0.8838710E+01  0.1531825E-01  0.0000000E+00
 0.8848387E+01  0.1532094E-01  0.0000000E+00
 0.8858065E+01  0.1532360E-01  0.0000000E+00
 0.8867742E+01  0.1532625E-01  0.0000000E+00
 0.8877419E+01  0.1532886E-01  0.0000000E+00
 0.8887097E+01  0.1533146E-01  0.0000000E+00
 0.8896774E+01  0.1533402E-01  0.0000000E+00
 0.8906452E+01  0.1533657E-01  0.0000000E+00
 0.8916129E+01  0.1533909E-01  0.0000000E+00
 0.8925806E+01  0.1534159E-01  0.0000000E+00
 0.8935484E+01  0.1534406E-01  0.0000000E+00
 0.8945161E+01  0.1534652E-01  0.0000000E+00
 0.8954839E+01  0.1534894E-01  0.0000000E+00
 0.8964516E+01  0.1535135E-01  0.0000000E+00
 0.8974194E+01  0.1535374E-01  0.0000000E+00
 0.8983871E+01  0.1535610E-01  0.0000000E+00
 0.8993548E+01  0.1535844E-01  0.0000000E+00
 0.9003226E+01  0.1536076E-01  0.0000000E+00
 0.9012903E+01  0.1536306E-01  0.0000000E+00
 0.9022581E+01  0.1536533E-01  0.0000000E+00
 0.9032258E+01  0.1536759E-01  0.0000000E+00
 0.9041935E+01  0.1536982E-01  0.0000000E+00
 0.9051613E+01  0.1537203E-01  0.0000000E+00
 0.9061290E+01  0.1537423E-01  0.0000000E+00
 0.9070968E+01  0.1537640E-01  0.0000000E+00
 0.9080645E+01  0.1537855E-01  0.0000000E+00
 0.9090323E+01  0.1538068E-01  0.0000000E+00
 0.9100000E+01  0.1538280E-01  0.0000000E+00
 0.9109677E+01  0.1538489E-01  0.0000000E+00
 0.9119355E+01  0.1538696E-01  0.0000000E+00
 0.9129032E+01  0.1538902E-01  0.0000000E+00
 0.9138710E+01  0.1539105E-01  0.0000000E+00
 0.9148387E+01  0.1539307E-01  0.0000000E+00
 0.9158065E+01  0.1539507E-01  0.0000000E+00
 0.9167742E+01  0.1539705E-01  0.0000000E+00
 0.9177419E+01  0.1539901E-01  0.0000000E+00
 0.9187097E+01  0.1540095E-01  0.0000000E+00
 0.9196774E+01  0.1540288E-01  0.0000000E+00
 0.9206452E+01  0.1540478E-01  0.0000000E+00
 0.9216129E+01  0.1540667E-01  0.0000000E+00
 0.9225806E+01  0.1540855E-01  0.0000000E+00
 0.9235484E+01  0.1541040E-01  0.0000000E+00
 0.9245161E+01  0.1541224E-01  0.0000000E+00
 0.9254839E+01  0.1541406E-01  0.0000000E+00
 0.9264516E+01  0.1541586E-01  0.0000000E+00
 0.9274194E+01  0.1541765E-01  0.0000000E+00
 0.9283871E+01  0.1541942E-01  0.0000000E+00
 0.9293548E+01  0.1542117E-01  0.0000000E+00
 0.9303226E+01  0.1542291E-01  0.0000000E+00
 0.9312903E+01  0.1542463E-01  0.0000000E+00
 0.9322581E+01  0.1542634E-01  0.0000000E+00
 0.9332258E+01  0.1542803E-01  0.0000000E+00
 0.9341935E+01  0.1542970E-01  0.0000000E+00
 0.9351613E+01  0.1543136E-01  0.0000000E+00
 0.9361290E+01  0.1543300E-01  0.0000000E+00
 0.9370968E+01  0.1543463E-01  0.0000000E+00
 0.9380645E+01  0.1543624E-01  0.0000000E+00
 0.9390323E+01  0.1543784E-01  0.0000000E+00
 0.9400000E+01  0.1543942E-01  0.0000000E+00
 0.9409677E+01  0.1544099E-01  0.0000000E+00
 0.9419355E+01  0.1544254E-01  0.0000000E+00
 0.9429032E+01  0.1544408E-01  0.0000000E+00
 0.9438710E+01  0.1544561E-01  0.0000000E+00
 0.9448387E+01  0.1544712E-01  0.0000000E+00
 0.9458065E+01  0.1544862E-01  0.0000000E+00
 0.9467742E+01  0.1545010E-01  0.0000000E+00
 0.9477419E+01  0.1545157E-01  0.0000000E+00
 0.9487097E+01  0.1545302E-01  0.0000000E+00
 0.9496774E+01  0.1545447E-01  0.0000000E+00
 0.9506452E+01  0.1545590E-01  0.0000000E+00
 0.9516129E+01  0.1545731E-01  0.0000000E+00
 0.9525806E+01  0.1545871E-01  0.0000000E+00
 0.9535484E+01  0.1546010E-01  0.0000000E+00
 0.9545161E+01  0.1546148E-01  0.0000000E+00
 0.9554839E+01  0.1546284E-01  0.0000000E+00
 0.9564516E+01  0.1546419E-01  0.0000000E+00
 0.9574194E+01  0.1546553E-01  0.0000000E+00
 0.9583871E+01  0.1546686E-01  0.0000000E+00
 0.9593548E+01  0.1546817E-01  0.0000000E+00
 0.9603226E+01  0.1546947E-01  0.0000000E+00
 0.9612903E+01  0.1547076E-01  0.0000000E+00
 0.9622581E+01  0.1547204E-01  0.0000000E+00
 0.9632258E+01  0.1547331E-01  0.0000000E+00
 0.9641935E+01  0.1547456E-01  0.0000000E+00
 0.9651613E+01  0.1547580E-01  0.0000000E+00
 0.9661290E+01  0.1547703E-01  0.0000000E+00
 0.9670968E+01  0.1547825E-01  0.0000000E+00
 0.9680645E+01  0.1547946E-01  0.0000000E+00
 0.9690323E+01  0.1548066E-01  0.0000000E+00
 0.9700000E+01  0.1548184E-01  0.0000000E+00
 0.9709677E+01  0.1548302E-01  0.0000000E+00
 0.9719355E+01  0.1548418E-01  0.0000000E+00
 0.9729032E+01  0.1548533E-01  0.0000000E+00
 0.9738710E+01  0.1548648E-01  0.0000000E+00
 0.9748387E+01  0.1548761E-01  0.0000000E+00
 0.9758065E+01  0.1548873E-01  0.0000000E+00
 0.9767742E+01  0.1548984E-01  0.0000000E+00
 0.9777419E+01  0.1549094E-01  0.0000000E+00
 0.9787097E+01  0.1549203E-01  0.0000000E+00
 0.9796774E+01  0.1549311E-01  0.0000000E+00
 0.9806452E+01  0.1549418E-01  0.0000000E+00
 0.9816129E+01  0.1549524E-01  0.0000000E+00
 0.9825806E+01  0.1549629E-01  0.0000000E+00
 0.9835484E+01  0.1549733E-01  0.0000000E+00
 0.9845161E+01  0.1549836E-01  0.0000000E+00
 0.9854839E+01  0.1549938E-01  0.0000000E+00
 0.9864516E+01  0.1550040E-01  0.0000000E+00
 0.9874194E+01  0.1550140E-01  0.0000000E+00
 0.9883871E+01  0.1550239E-01  0.0000000E+00
 0.9893548E+01  0.1550337E-01  0.0000000E+00
 0.9903226E+01  0.1550435E-01  0.0000000E+00
 0.9912903E+01  0.1550531E-01  0.0000000E+00
 0.9922581E+01  0.1550627E-01  0.0000000E+00
 0.9932258E+01  0.1550722E-01  0.0000000E+00
 0.9941935E+01  0.1550816E-01  0.0000000E+00
 0.9951613E+01  0.1550909E-01  0.0000000E+00
 0.9961290E+01  0.1551001E-01  0.0000000E+00
 0.9970968E+01  0.1551092E-01  0.0000000E+00
 0.9980645E+01  0.1551183E-01  0.0000000E+00
 0.9990323E+01  0.1551272E-01  0.0000000E+00
 0.1000000E+02  0.1551361E-01  0.0000000E+00
