 0.1000000E+00  0.6275715E-50
 0.1096774E+00  0.1318284E-39
 0.1193548E+00  0.6729038E-33
 0.1290323E+00  0.5064312E-28
 0.1387097E+00  0.2123134E-25
 0.1483871E+00  0.5859705E-23
 0.1580645E+00  0.8501157E-22
 0.1677419E+00  0.1987311E-20
 0.1774194E+00  0.7576938E-19
 0.1870968E+00  0.6837827E-18
 0.1967742E+00  0.1601397E-18
 0.2064516E+00  0.1582692E-17
 0.2161290E+00  0.2232091E-17
 0.2258065E+00  0.1433884E-16
 0.2354839E+00  0.1632265E-16
 0.2451613E+00  0.1181664E-17
 0.2548387E+00  0.4005201E-16
 0.2645161E+00  0.1202870E-16
 0.2741935E+00  0.3263949E-16
 0.2838710E+00  0.1951422E-16
 0.2935484E+00  0.2983024E-17
 0.3032258E+00  0.1597207E-15
 0.3129032E+00  0.2372845E-15
 0.3225806E+00  0.1842328E-15
 0.3322581E+00  0.4504731E-15
 0.3419355E+00  0.1212886E-14
 0.3516129E+00  0.1102800E-14
 0.3612903E+00  0.1432549E-14
 0.3709677E+00  0.1873315E-14
 0.3806452E+00  0.1620692E-14
 0.3903226E+00  0.1440360E-14
 0.4000000E+00  0.1613792E-14
 0.4096774E+00  0.3460151E-14
 0.4193548E+00  0.8742987E-14
 0.4290323E+00  0.2650339E-13
 0.4387097E+00  0.6946661E-13
 0.4483871E+00  0.1659384E-12
 0.4580645E+00  0.4055583E-12
 0.4677419E+00  0.9832495E-12
 0.4774194E+00  0.2297467E-11
 0.4870968E+00  0.5273889E-11
 0.4967742E+00  0.1171201E-10
 0.5064516E+00  0.2533937E-10
 0.5161290E+00  0.5328736E-10
 0.5258065E+00  0.1099596E-09
 0.5354839E+00  0.2227377E-09
 0.5451613E+00  0.4421091E-09
 0.5548387E+00  0.8599225E-09
 0.5645161E+00  0.1642033E-08
 0.5741935E+00  0.3077914E-08
 0.5838710E+00  0.5669423E-08
 0.5935484E+00  0.1027099E-07
 0.6032258E+00  0.1831202E-07
 0.6129032E+00  0.3216500E-07
 0.6225806E+00  0.5567287E-07
 0.6322581E+00  0.9503759E-07
 0.6419355E+00  0.1600512E-06
 0.6516129E+00  0.2660148E-06
 0.6612903E+00  0.4365410E-06
 0.6709677E+00  0.7076610E-06
 0.6806452E+00  0.1133613E-05
 0.6903226E+00  0.1795017E-05
 0.7000000E+00  0.2810676E-05
 0.7096774E+00  0.4353231E-05
 0.7193548E+00  0.6671185E-05
 0.7290323E+00  0.1011848E-04
 0.7387097E+00  0.1519367E-04
 0.7483871E+00  0.2259206E-04
 0.7580645E+00  0.3327343E-04
 0.7677419E+00  0.4855031E-04
 0.7774194E+00  0.7019917E-04
 0.7870968E+00  0.1006023E-03
 0.7967742E+00  0.1429249E-03
 0.8064516E+00  0.2013327E-03
 0.8161290E+00  0.2812578E-03
 0.8258065E+00  0.3897218E-03
 0.8354839E+00  0.5357213E-03
 0.8451613E+00  0.7306766E-03
 0.8548387E+00  0.9889635E-03
 0.8645161E+00  0.1328517E-02
 0.8741935E+00  0.1771527E-02
 0.8838710E+00  0.2345206E-02
 0.8935484E+00  0.3082645E-02
 0.9032258E+00  0.4023744E-02
 0.9129032E+00  0.5216200E-02
 0.9225806E+00  0.6716549E-02
 0.9322581E+00  0.8591228E-02
 0.9419355E+00  0.1091766E-01
 0.9516129E+00  0.1378527E-01
 0.9612903E+00  0.1729643E-01
 0.9709677E+00  0.2156733E-01
 0.9806452E+00  0.2672866E-01
 0.9903226E+00  0.3292603E-01
 0.1000000E+01  0.4032015E-01
 0.1009677E+01  0.4908673E-01
 0.1019355E+01  0.5941584E-01
 0.1029032E+01  0.7151099E-01
 0.1038710E+01  0.8558763E-01
 0.1048387E+01  0.1018712E+00
 0.1058065E+01  0.1205943E+00
 0.1067742E+01  0.1419940E+00
 0.1077419E+01  0.1663080E+00
 0.1087097E+01  0.1937701E+00
 0.1096774E+01  0.2246060E+00
 0.1106452E+01  0.2590277E+00
 0.1116129E+01  0.2972283E+00
 0.1125806E+01  0.3393763E+00
 0.1135484E+01  0.3856094E+00
 0.1145161E+01  0.4360294E+00
 0.1154839E+01  0.4906954E+00
 0.1164516E+01  0.5496198E+00
 0.1174194E+01  0.6127623E+00
 0.1183871E+01  0.6800265E+00
 0.1193548E+01  0.7512562E+00
 0.1203226E+01  0.8262329E+00
 0.1212903E+01  0.9046749E+00
 0.1222581E+01  0.9862366E+00
 0.1232258E+01  0.1070510E+01
 0.1241935E+01  0.1157026E+01
 0.1251613E+01  0.1245261E+01
 0.1261290E+01  0.1334638E+01
 0.1270968E+01  0.1424536E+01
 0.1280645E+01  0.1514297E+01
 0.1290323E+01  0.1603231E+01
 0.1300000E+01  0.1690631E+01
 0.1309677E+01  0.1775777E+01
 0.1319355E+01  0.1857951E+01
 0.1329032E+01  0.1936445E+01
 0.1338710E+01  0.2010573E+01
 0.1348387E+01  0.2079680E+01
 0.1358065E+01  0.2143153E+01
 0.1367742E+01  0.2200430E+01
 0.1377419E+01  0.2251008E+01
 0.1387097E+01  0.2294452E+01
 0.1396774E+01  0.2330398E+01
 0.1406452E+01  0.2358563E+01
 0.1416129E+01  0.2378741E+01
 0.1425806E+01  0.2390814E+01
 0.1435484E+01  0.2394744E+01
 0.1445161E+01  0.2390577E+01
 0.1454839E+01  0.2378441E+01
 0.1464516E+01  0.2358541E+01
 0.1474194E+01  0.2331155E+01
 0.1483871E+01  0.2296625E+01
 0.1493548E+01  0.2255356E+01
 0.1503226E+01  0.2207806E+01
 0.1512903E+01  0.2154476E+01
 0.1522581E+01  0.2095905E+01
 0.1532258E+01  0.2032659E+01
 0.1541935E+01  0.1965324E+01
 0.1551613E+01  0.1894499E+01
 0.1561290E+01  0.1820784E+01
 0.1570968E+01  0.1744776E+01
 0.1580645E+01  0.1667059E+01
 0.1590323E+01  0.1588201E+01
 0.1600000E+01  0.1508746E+01
 0.1609677E+01  0.1429207E+01
 0.1619355E+01  0.1350067E+01
 0.1629032E+01  0.1271771E+01
 0.1638710E+01  0.1194724E+01
 0.1648387E+01  0.1119294E+01
 0.1658065E+01  0.1045803E+01
 0.1667742E+01  0.9745332E+00
 0.1677419E+01  0.9057246E+00
 0.1687097E+01  0.8395756E+00
 0.1696774E+01  0.7762452E+00
 0.1706452E+01  0.7158544E+00
 0.1716129E+01  0.6584885E+00
 0.1725806E+01  0.6041996E+00
 0.1735484E+01  0.5530089E+00
 0.1745161E+01  0.5049100E+00
 0.1754839E+01  0.4598716E+00
 0.1764516E+01  0.4178404E+00
 0.1774194E+01  0.3787440E+00
 0.1783871E+01  0.3424940E+00
 0.1793548E+01  0.3089882E+00
 0.1803226E+01  0.2781140E+00
 0.1812903E+01  0.2497500E+00
 0.1822581E+01  0.2237688E+00
 0.1832258E+01  0.2000391E+00
 0.1841935E+01  0.1784271E+00
 0.1851613E+01  0.1587988E+00
 0.1861290E+01  0.1410208E+00
 0.1870968E+01  0.1249620E+00
 0.1880645E+01  0.1104945E+00
 0.1890323E+01  0.9749457E-01
 0.1900000E+01  0.8584328E-01
 0.1909677E+01  0.7542704E-01
 0.1919355E+01  0.6613806E-01
 0.1929032E+01  0.5787463E-01
 0.1938710E+01  0.5054124E-01
 0.1948387E+01  0.4404869E-01
 0.1958065E+01  0.3831405E-01
 0.1967742E+01  0.3326054E-01
 0.1977419E+01  0.2881741E-01
 0.1987097E+01  0.2491971E-01
 0.1996774E+01  0.2150809E-01
 0.2006452E+01  0.1852845E-01
 0.2016129E+01  0.1593172E-01
 0.2025806E+01  0.1367354E-01
 0.2035484E+01  0.1171389E-01
 0.2045161E+01  0.1001684E-01
 0.2054839E+01  0.8550237E-02
 0.2064516E+01  0.7285352E-02
 0.2074194E+01  0.6196621E-02
 0.2083871E+01  0.5261370E-02
 0.2093548E+01  0.4459535E-02
 0.2103226E+01  0.3773415E-02
 0.2112903E+01  0.3187429E-02
 0.2122581E+01  0.2687910E-02
 0.2132258E+01  0.2262896E-02
 0.2141935E+01  0.1901937E-02
 0.2151613E+01  0.1595942E-02
 0.2161290E+01  0.1337007E-02
 0.2170968E+01  0.1118289E-02
 0.2180645E+01  0.9338629E-03
 0.2190323E+01  0.7786240E-03
 0.2200000E+01  0.6481790E-03
 0.2209677E+01  0.5387550E-03
 0.2219355E+01  0.4471185E-03
 0.2229032E+01  0.3705060E-03
 0.2238710E+01  0.3065605E-03
 0.2248387E+01  0.2532743E-03
 0.2258065E+01  0.2089423E-03
 0.2267742E+01  0.1721188E-03
 0.2277419E+01  0.1415805E-03
 0.2287097E+01  0.1162938E-03
 0.2296774E+01  0.9538785E-04
 0.2306452E+01  0.7813067E-04
 0.2316129E+01  0.6390647E-04
 0.2325806E+01  0.5220015E-04
 0.2335484E+01  0.4258025E-04
 0.2345161E+01  0.3468606E-04
 0.2354839E+01  0.2821770E-04
 0.2364516E+01  0.2292522E-04
 0.2374194E+01  0.1860107E-04
 0.2383871E+01  0.1507280E-04
 0.2393548E+01  0.1219804E-04
 0.2403226E+01  0.9858965E-05
 0.2412903E+01  0.7958301E-05
 0.2422581E+01  0.6415959E-05
 0.2432258E+01  0.5166109E-05
 0.2441935E+01  0.4154669E-05
 0.2451613E+01  0.3337160E-05
 0.2461290E+01  0.2677333E-05
 0.2470968E+01  0.2145391E-05
 0.2480645E+01  0.1717164E-05
 0.2490323E+01  0.1372817E-05
 0.2500000E+01  0.1096233E-05
 0.2509677E+01  0.8743854E-06
 0.2519355E+01  0.6966405E-06
 0.2529032E+01  0.5543935E-06
 0.2538710E+01  0.4407061E-06
 0.2548387E+01  0.3499528E-06
 0.2558065E+01  0.2775839E-06
 0.2567742E+01  0.2199474E-06
 0.2577419E+01  0.1740931E-06
 0.2587097E+01  0.1376611E-06
 0.2596774E+01  0.1087369E-06
 0.2606452E+01  0.8579772E-07
 0.2616129E+01  0.6762352E-07
 0.2625806E+01  0.5324074E-07
 0.2635484E+01  0.4188455E-07
 0.2645161E+01  0.3291803E-07
 0.2654839E+01  0.2584871E-07
 0.2664516E+01  0.2027439E-07
 0.2674194E+01  0.1588313E-07
 0.2683871E+01  0.1243347E-07
 0.2693548E+01  0.9718589E-08
 0.2703226E+01  0.7595057E-08
 0.2712903E+01  0.5925138E-08
 0.2722581E+01  0.4615881E-08
 0.2732258E+01  0.3592800E-08
 0.2741935E+01  0.2791905E-08
 0.2751613E+01  0.2169321E-08
 0.2761290E+01  0.1685802E-08
 0.2770968E+01  0.1308461E-08
 0.2780645E+01  0.1016731E-08
 0.2790323E+01  0.7893206E-09
 0.2800000E+01  0.6120070E-09
 0.2809677E+01  0.4747873E-09
 0.2819355E+01  0.3678997E-09
 0.2829032E+01  0.2858449E-09
 0.2838710E+01  0.2221338E-09
 0.2848387E+01  0.1729024E-09
 0.2858065E+01  0.1348026E-09
 0.2867742E+01  0.1050631E-09
 0.2877419E+01  0.8193821E-10
 0.2887097E+01  0.6417257E-10
 0.2896774E+01  0.5038681E-10
 0.2906452E+01  0.3973623E-10
 0.2916129E+01  0.3153105E-10
 0.2925806E+01  0.2526377E-10
 0.2935484E+01  0.2025888E-10
 0.2945161E+01  0.1630454E-10
 0.2954839E+01  0.1323952E-10
 0.2964516E+01  0.1064088E-10
 0.2974194E+01  0.8692512E-11
 0.2983871E+01  0.7199070E-11
 0.2993548E+01  0.6105803E-11
 0.3003226E+01  0.5232083E-11
 0.3012903E+01  0.4548413E-11
 0.3022581E+01  0.3997908E-11
 0.3032258E+01  0.3511290E-11
 0.3041935E+01  0.3111742E-11
 0.3051613E+01  0.2799638E-11
 0.3061290E+01  0.2592506E-11
 0.3070968E+01  0.2418214E-11
 0.3080645E+01  0.2309580E-11
 0.3090323E+01  0.2211024E-11
 0.3100000E+01  0.2142253E-11
 0.3109677E+01  0.2084296E-11
 0.3119355E+01  0.1999231E-11
 0.3129032E+01  0.1930398E-11
 0.3138710E+01  0.1861416E-11
 0.3148387E+01  0.1798315E-11
 0.3158065E+01  0.1749288E-11
 0.3167742E+01  0.1664095E-11
 0.3177419E+01  0.1547287E-11
 0.3187097E+01  0.1395542E-11
 0.3196774E+01  0.1224680E-11
 0.3206452E+01  0.1109239E-11
 0.3216129E+01  0.1015755E-11
 0.3225806E+01  0.9459934E-12
 0.3235484E+01  0.9156955E-12
 0.3245161E+01  0.8743333E-12
 0.3254839E+01  0.8665607E-12
 0.3264516E+01  0.8773314E-12
 0.3274194E+01  0.8764175E-12
 0.3283871E+01  0.8791955E-12
 0.3293548E+01  0.8944262E-12
 0.3303226E+01  0.9447510E-12
 0.3312903E+01  0.9889000E-12
 0.3322581E+01  0.1031782E-11
 0.3332258E+01  0.1064150E-11
 0.3341935E+01  0.1071284E-11
 0.3351613E+01  0.1071745E-11
 0.3361290E+01  0.1078093E-11
 0.3370968E+01  0.1099834E-11
 0.3380645E+01  0.1105420E-11
 0.3390323E+01  0.1114925E-11
 0.3400000E+01  0.1122754E-11
 0.3409677E+01  0.1134081E-11
 0.3419355E+01  0.1137535E-11
 0.3429032E+01  0.1115988E-11
 0.3438710E+01  0.1093478E-11
 0.3448387E+01  0.1056040E-11
 0.3458065E+01  0.1009976E-11
 0.3467742E+01  0.9656796E-12
 0.3477419E+01  0.8986488E-12
 0.3487097E+01  0.8206922E-12
 0.3496774E+01  0.7296084E-12
 0.3506452E+01  0.6352829E-12
 0.3516129E+01  0.5638428E-12
 0.3525806E+01  0.5035462E-12
 0.3535484E+01  0.4592264E-12
 0.3545161E+01  0.4339294E-12
 0.3554839E+01  0.4055132E-12
 0.3564516E+01  0.3882409E-12
 0.3574194E+01  0.3782470E-12
 0.3583871E+01  0.3510018E-12
 0.3593548E+01  0.3409924E-12
 0.3603226E+01  0.3262626E-12
 0.3612903E+01  0.3230850E-12
 0.3622581E+01  0.3173179E-12
 0.3632258E+01  0.3201863E-12
 0.3641935E+01  0.3412231E-12
 0.3651613E+01  0.3421733E-12
 0.3661290E+01  0.3560863E-12
 0.3670968E+01  0.3575260E-12
 0.3680645E+01  0.3500552E-12
 0.3690323E+01  0.3372065E-12
 0.3700000E+01  0.3195794E-12
 0.3709677E+01  0.2891516E-12
 0.3719355E+01  0.2720092E-12
 0.3729032E+01  0.2678292E-12
 0.3738710E+01  0.2520417E-12
 0.3748387E+01  0.2359261E-12
 0.3758065E+01  0.2254840E-12
 0.3767742E+01  0.1991202E-12
 0.3777419E+01  0.1757941E-12
 0.3787097E+01  0.1581690E-12
 0.3796774E+01  0.1222097E-12
 0.3806452E+01  0.9207506E-13
 0.3816129E+01  0.7564558E-13
 0.3825806E+01  0.6285242E-13
 0.3835484E+01  0.6068039E-13
 0.3845161E+01  0.6098605E-13
 0.3854839E+01  0.4921722E-13
 0.3864516E+01  0.4384386E-13
 0.3874194E+01  0.4116456E-13
 0.3883871E+01  0.3877181E-13
 0.3893548E+01  0.4180735E-13
 0.3903226E+01  0.4978913E-13
 0.3912903E+01  0.5883427E-13
 0.3922581E+01  0.6464494E-13
 0.3932258E+01  0.6177030E-13
 0.3941935E+01  0.5214179E-13
 0.3951613E+01  0.4832548E-13
 0.3961290E+01  0.4180781E-13
 0.3970968E+01  0.3945579E-13
 0.3980645E+01  0.3780108E-13
 0.3990323E+01  0.4304065E-13
 0.4000000E+01  0.3814423E-13
 0.4009677E+01  0.4004847E-13
 0.4019355E+01  0.4741870E-13
 0.4029032E+01  0.4961127E-13
 0.4038710E+01  0.5158433E-13
 0.4048387E+01  0.4484002E-13
 0.4058065E+01  0.5015181E-13
 0.4067742E+01  0.4540158E-13
 0.4077419E+01  0.4076486E-13
 0.4087097E+01  0.3367564E-13
 0.4096774E+01  0.2857330E-13
 0.4106452E+01  0.2405349E-13
 0.4116129E+01  0.2641873E-13
 0.4125806E+01  0.2816007E-13
 0.4135484E+01  0.2277194E-13
 0.4145161E+01  0.2073831E-13
 0.4154839E+01  0.2005374E-13
 0.4164516E+01  0.2114145E-13
 0.4174194E+01  0.2274152E-13
 0.4183871E+01  0.3111983E-13
 0.4193548E+01  0.3714686E-13
 0.4203226E+01  0.4461318E-13
 0.4212903E+01  0.6203251E-13
 0.4222581E+01  0.7272830E-13
 0.4232258E+01  0.7990477E-13
 0.4241935E+01  0.8515727E-13
 0.4251613E+01  0.8776455E-13
 0.4261290E+01  0.9087110E-13
 0.4270968E+01  0.9593457E-13
 0.4280645E+01  0.1004352E-12
 0.4290323E+01  0.1029054E-12
 0.4300000E+01  0.1087928E-12
 0.4309677E+01  0.1105640E-12
 0.4319355E+01  0.1093808E-12
 0.4329032E+01  0.1061032E-12
 0.4338710E+01  0.1162321E-12
 0.4348387E+01  0.1264868E-12
 0.4358065E+01  0.1374181E-12
 0.4367742E+01  0.1453973E-12
 0.4377419E+01  0.1413402E-12
 0.4387097E+01  0.1333508E-12
 0.4396774E+01  0.1264983E-12
 0.4406452E+01  0.1130575E-12
 0.4416129E+01  0.9985896E-13
 0.4425806E+01  0.8654989E-13
 0.4435484E+01  0.7233205E-13
 0.4445161E+01  0.6314266E-13
 0.4454839E+01  0.5249327E-13
 0.4464516E+01  0.4482629E-13
 0.4474194E+01  0.4160699E-13
 0.4483871E+01  0.3749219E-13
 0.4493548E+01  0.3906441E-13
 0.4503226E+01  0.4490755E-13
 0.4512903E+01  0.4971443E-13
 0.4522581E+01  0.5212468E-13
 0.4532258E+01  0.5179401E-13
 0.4541935E+01  0.5169630E-13
 0.4551613E+01  0.5101293E-13
 0.4561290E+01  0.4748288E-13
 0.4570968E+01  0.4262839E-13
 0.4580645E+01  0.3450877E-13
 0.4590323E+01  0.2845770E-13
 0.4600000E+01  0.2400981E-13
 0.4609677E+01  0.2097383E-13
 0.4619355E+01  0.1776034E-13
 0.4629032E+01  0.1613748E-13
 0.4638710E+01  0.1524372E-13
 0.4648387E+01  0.1525806E-13
 0.4658065E+01  0.1922017E-13
 0.4667742E+01  0.2464099E-13
 0.4677419E+01  0.3001992E-13
 0.4687097E+01  0.3078340E-13
 0.4696774E+01  0.3094139E-13
 0.4706452E+01  0.3194589E-13
 0.4716129E+01  0.2873018E-13
 0.4725806E+01  0.2613358E-13
 0.4735484E+01  0.2312437E-13
 0.4745161E+01  0.1992601E-13
 0.4754839E+01  0.1894862E-13
 0.4764516E+01  0.1765272E-13
 0.4774194E+01  0.1687144E-13
 0.4783871E+01  0.1797433E-13
 0.4793548E+01  0.1840879E-13
 0.4803226E+01  0.2154816E-13
 0.4812903E+01  0.2880409E-13
 0.4822581E+01  0.3672539E-13
 0.4832258E+01  0.4556950E-13
 0.4841935E+01  0.5316665E-13
 0.4851613E+01  0.6244068E-13
 0.4861290E+01  0.7120948E-13
 0.4870968E+01  0.8429275E-13
 0.4880645E+01  0.1009589E-12
 0.4890323E+01  0.1227937E-12
 0.4900000E+01  0.1537508E-12
 0.4909677E+01  0.1811892E-12
 0.4919355E+01  0.2096979E-12
 0.4929032E+01  0.2301387E-12
 0.4938710E+01  0.2474103E-12
 0.4948387E+01  0.2674141E-12
 0.4958065E+01  0.2861363E-12
 0.4967742E+01  0.3170230E-12
 0.4977419E+01  0.3346604E-12
 0.4987097E+01  0.3384887E-12
 0.4996774E+01  0.3272916E-12
 0.5006452E+01  0.3012468E-12
 0.5016129E+01  0.2821116E-12
 0.5025806E+01  0.2499205E-12
 0.5035484E+01  0.2058548E-12
 0.5045161E+01  0.1604997E-12
 0.5054839E+01  0.1166588E-12
 0.5064516E+01  0.8603230E-13
 0.5074194E+01  0.6082614E-13
 0.5083871E+01  0.4319227E-13
 0.5093548E+01  0.2948082E-13
 0.5103226E+01  0.1952868E-13
 0.5112903E+01  0.1829412E-13
 0.5122581E+01  0.1894900E-13
 0.5132258E+01  0.2311747E-13
 0.5141935E+01  0.2746507E-13
 0.5151613E+01  0.2824799E-13
 0.5161290E+01  0.3551916E-13
 0.5170968E+01  0.4335587E-13
 0.5180645E+01  0.6191893E-13
 0.5190323E+01  0.8271047E-13
 0.5200000E+01  0.1097976E-12
 0.5209677E+01  0.1533333E-12
 0.5219355E+01  0.1897233E-12
 0.5229032E+01  0.2329017E-12
 0.5238710E+01  0.2799530E-12
 0.5248387E+01  0.3212006E-12
 0.5258065E+01  0.3774371E-12
 0.5267742E+01  0.4187287E-12
 0.5277419E+01  0.4546211E-12
 0.5287097E+01  0.4968602E-12
 0.5296774E+01  0.5367923E-12
 0.5306452E+01  0.5690530E-12
 0.5316129E+01  0.6040380E-12
 0.5325806E+01  0.6371123E-12
 0.5335484E+01  0.6577279E-12
 0.5345161E+01  0.6670679E-12
 0.5354839E+01  0.6696876E-12
 0.5364516E+01  0.6782841E-12
 0.5374194E+01  0.6844664E-12
 0.5383871E+01  0.7008733E-12
 0.5393548E+01  0.7233054E-12
 0.5403226E+01  0.7510365E-12
 0.5412903E+01  0.7620949E-12
 0.5422581E+01  0.7624974E-12
 0.5432258E+01  0.7583946E-12
 0.5441935E+01  0.7293265E-12
 0.5451613E+01  0.7069852E-12
 0.5461290E+01  0.6898648E-12
 0.5470968E+01  0.6813053E-12
 0.5480645E+01  0.6668641E-12
 0.5490323E+01  0.6507412E-12
 0.5500000E+01  0.6215459E-12
 0.5509677E+01  0.5732341E-12
 0.5519355E+01  0.5225757E-12
 0.5529032E+01  0.4739182E-12
 0.5538710E+01  0.4395242E-12
 0.5548387E+01  0.4051765E-12
 0.5558065E+01  0.3764686E-12
 0.5567742E+01  0.3486234E-12
 0.5577419E+01  0.3190601E-12
 0.5587097E+01  0.2938842E-12
 0.5596774E+01  0.2633139E-12
 0.5606452E+01  0.2370646E-12
 0.5616129E+01  0.2133164E-12
 0.5625806E+01  0.1971678E-12
 0.5635484E+01  0.1914565E-12
 0.5645161E+01  0.1814440E-12
 0.5654839E+01  0.1734893E-12
 0.5664516E+01  0.1639025E-12
 0.5674194E+01  0.1514725E-12
 0.5683871E+01  0.1475415E-12
 0.5693548E+01  0.1412218E-12
 0.5703226E+01  0.1340348E-12
 0.5712903E+01  0.1294533E-12
 0.5722581E+01  0.1181121E-12
 0.5732258E+01  0.1095455E-12
 0.5741935E+01  0.1010222E-12
 0.5751613E+01  0.8771346E-13
 0.5761290E+01  0.7406006E-13
 0.5770968E+01  0.5989982E-13
 0.5780645E+01  0.5025868E-13
 0.5790323E+01  0.3999897E-13
 0.5800000E+01  0.2935049E-13
 0.5809677E+01  0.1913469E-13
 0.5819355E+01  0.8840903E-14
 0.5829032E+01  0.2639764E-14
 0.5838710E+01  0.8401794E-15
 0.5848387E+01  0.1497896E-14
 0.5858065E+01  0.4121386E-14
 0.5867742E+01  0.7039215E-14
 0.5877419E+01  0.1026251E-13
 0.5887097E+01  0.1239676E-13
 0.5896774E+01  0.1352870E-13
 0.5906452E+01  0.1369940E-13
 0.5916129E+01  0.1311456E-13
 0.5925806E+01  0.1218621E-13
 0.5935484E+01  0.1018162E-13
 0.5945161E+01  0.7352222E-14
 0.5954839E+01  0.4547229E-14
 0.5964516E+01  0.1874801E-14
 0.5974194E+01  0.1305099E-14
 0.5983871E+01  0.2600432E-14
 0.5993548E+01  0.7698252E-14
 0.6003226E+01  0.1353639E-13
 0.6012903E+01  0.2127060E-13
 0.6022581E+01  0.3019198E-13
 0.6032258E+01  0.3616682E-13
 0.6041935E+01  0.4166915E-13
 0.6051613E+01  0.4149103E-13
 0.6061290E+01  0.4309450E-13
 0.6070968E+01  0.4471622E-13
 0.6080645E+01  0.3334790E-13
 0.6090323E+01  0.3501579E-13
 0.6100000E+01  0.3268684E-13
 0.6109677E+01  0.2776488E-13
 0.6119355E+01  0.1908891E-13
 0.6129032E+01  0.1122448E-13
 0.6138710E+01  0.1072631E-13
 0.6148387E+01  0.9833576E-14
 0.6158065E+01  0.1334965E-13
 0.6167742E+01  0.1401624E-13
 0.6177419E+01  0.2246963E-13
 0.6187097E+01  0.3121329E-13
 0.6196774E+01  0.4309924E-13
 0.6206452E+01  0.4433228E-13
 0.6216129E+01  0.5131832E-13
 0.6225806E+01  0.4557455E-13
 0.6235484E+01  0.5124955E-13
 0.6245161E+01  0.5133746E-13
 0.6254839E+01  0.5332633E-13
 0.6264516E+01  0.4141262E-13
 0.6274194E+01  0.2650554E-13
 0.6283871E+01  0.1277565E-13
 0.6293548E+01  0.1177898E-14
 0.6303226E+01  0.2024360E-15
 0.6312903E+01  0.1510094E-14
 0.6322581E+01  0.3204766E-14
 0.6332258E+01  0.8634147E-14
 0.6341935E+01  0.2587382E-13
 0.6351613E+01  0.2829890E-13
 0.6361290E+01  0.3252930E-13
 0.6370968E+01  0.4602670E-13
 0.6380645E+01  0.6002184E-13
 0.6390323E+01  0.5604896E-13
 0.6400000E+01  0.4231518E-13
 0.6409677E+01  0.5747585E-13
 0.6419355E+01  0.4462071E-13
 0.6429032E+01  0.5718641E-13
 0.6438710E+01  0.4088487E-13
 0.6448387E+01  0.4151879E-13
 0.6458065E+01  0.3341891E-13
 0.6467742E+01  0.4012015E-13
 0.6477419E+01  0.3878186E-13
 0.6487097E+01  0.2427891E-13
 0.6496774E+01  0.1631988E-13
 0.6506452E+01  0.1150297E-13
 0.6516129E+01  0.8286465E-14
 0.6525806E+01  0.5013543E-14
 0.6535484E+01  0.9715120E-15
 0.6545161E+01  0.2724550E-14
 0.6554839E+01  0.2096255E-14
 0.6564516E+01  0.2348091E-14
 0.6574194E+01  0.1626706E-14
 0.6583871E+01  0.2763044E-14
 0.6593548E+01  0.9382358E-14
 0.6603226E+01  0.1328261E-13
 0.6612903E+01  0.2476714E-13
 0.6622581E+01  0.2999701E-13
 0.6632258E+01  0.3375137E-13
 0.6641935E+01  0.2880690E-13
 0.6651613E+01  0.3422726E-13
 0.6661290E+01  0.3905044E-13
 0.6670968E+01  0.3543828E-13
 0.6680645E+01  0.3724067E-13
 0.6690323E+01  0.3791864E-13
 0.6700000E+01  0.4226687E-13
 0.6709677E+01  0.4128896E-13
 0.6719355E+01  0.4067172E-13
 0.6729032E+01  0.3604335E-13
 0.6738710E+01  0.3585066E-13
 0.6748387E+01  0.3399875E-13
 0.6758065E+01  0.2964163E-13
 0.6767742E+01  0.3338531E-13
 0.6777419E+01  0.3480804E-13
 0.6787097E+01  0.3721471E-13
 0.6796774E+01  0.4222945E-13
 0.6806452E+01  0.4760766E-13
 0.6816129E+01  0.4834327E-13
 0.6825806E+01  0.5771109E-13
 0.6835484E+01  0.6035426E-13
 0.6845161E+01  0.6802831E-13
 0.6854839E+01  0.7077400E-13
 0.6864516E+01  0.7829384E-13
 0.6874194E+01  0.8654851E-13
 0.6883871E+01  0.9507645E-13
 0.6893548E+01  0.1083746E-12
 0.6903226E+01  0.1230024E-12
 0.6912903E+01  0.1324117E-12
 0.6922581E+01  0.1446929E-12
 0.6932258E+01  0.1535599E-12
 0.6941935E+01  0.1628213E-12
 0.6951613E+01  0.1706490E-12
 0.6961290E+01  0.1772394E-12
 0.6970968E+01  0.1897329E-12
 0.6980645E+01  0.2043107E-12
 0.6990323E+01  0.2131203E-12
 0.7000000E+01  0.2247227E-12
 0.7009677E+01  0.2365852E-12
 0.7019355E+01  0.2561791E-12
 0.7029032E+01  0.2804869E-12
 0.7038710E+01  0.3045460E-12
 0.7048387E+01  0.3338426E-12
 0.7058065E+01  0.3523100E-12
 0.7067742E+01  0.3749772E-12
 0.7077419E+01  0.4027704E-12
 0.7087097E+01  0.4334331E-12
 0.7096774E+01  0.4573018E-12
 0.7106452E+01  0.4858877E-12
 0.7116129E+01  0.5105721E-12
 0.7125806E+01  0.5309301E-12
 0.7135484E+01  0.5554281E-12
 0.7145161E+01  0.5729235E-12
 0.7154839E+01  0.5906725E-12
 0.7164516E+01  0.5984799E-12
 0.7174194E+01  0.6110090E-12
 0.7183871E+01  0.6265370E-12
 0.7193548E+01  0.6193575E-12
 0.7203226E+01  0.6046017E-12
 0.7212903E+01  0.5720735E-12
 0.7222581E+01  0.5303958E-12
 0.7232258E+01  0.5034132E-12
 0.7241935E+01  0.4871705E-12
 0.7251613E+01  0.4813680E-12
 0.7261290E+01  0.4878037E-12
 0.7270968E+01  0.4907318E-12
 0.7280645E+01  0.4996997E-12
 0.7290323E+01  0.5130059E-12
 0.7300000E+01  0.5206749E-12
 0.7309677E+01  0.5314829E-12
 0.7319355E+01  0.5452380E-12
 0.7329032E+01  0.5654835E-12
 0.7338710E+01  0.5845233E-12
 0.7348387E+01  0.6100902E-12
 0.7358065E+01  0.6295970E-12
 0.7367742E+01  0.6445415E-12
 0.7377419E+01  0.6679104E-12
 0.7387097E+01  0.6834817E-12
 0.7396774E+01  0.7107703E-12
 0.7406452E+01  0.7339620E-12
 0.7416129E+01  0.7492720E-12
 0.7425806E+01  0.7779780E-12
 0.7435484E+01  0.7939291E-12
 0.7445161E+01  0.8257066E-12
 0.7454839E+01  0.8334628E-12
 0.7464516E+01  0.8208020E-12
 0.7474194E+01  0.7956727E-12
 0.7483871E+01  0.7535047E-12
 0.7493548E+01  0.7248961E-12
 0.7503226E+01  0.6691562E-12
 0.7512903E+01  0.5855778E-12
 0.7522581E+01  0.4895661E-12
 0.7532258E+01  0.3905995E-12
 0.7541935E+01  0.3166535E-12
 0.7551613E+01  0.2569694E-12
 0.7561290E+01  0.2143029E-12
 0.7570968E+01  0.1795980E-12
 0.7580645E+01  0.1521960E-12
 0.7590323E+01  0.1465369E-12
 0.7600000E+01  0.1465980E-12
 0.7609677E+01  0.1548225E-12
 0.7619355E+01  0.1608011E-12
 0.7629032E+01  0.1541443E-12
 0.7638710E+01  0.1562213E-12
 0.7648387E+01  0.1549990E-12
 0.7658065E+01  0.1609757E-12
 0.7667742E+01  0.1644977E-12
 0.7677419E+01  0.1685330E-12
 0.7687097E+01  0.1842315E-12
 0.7696774E+01  0.1879299E-12
 0.7706452E+01  0.1938776E-12
 0.7716129E+01  0.1981296E-12
 0.7725806E+01  0.1997012E-12
 0.7735484E+01  0.2119507E-12
 0.7745161E+01  0.2169309E-12
 0.7754839E+01  0.2264369E-12
 0.7764516E+01  0.2416610E-12
 0.7774194E+01  0.2543062E-12
 0.7783871E+01  0.2443771E-12
 0.7793548E+01  0.2307852E-12
 0.7803226E+01  0.2095984E-12
 0.7812903E+01  0.1773157E-12
 0.7822581E+01  0.1432334E-12
 0.7832258E+01  0.1110853E-12
 0.7841935E+01  0.8545773E-13
 0.7851613E+01  0.6296089E-13
 0.7861290E+01  0.4770881E-13
 0.7870968E+01  0.3719595E-13
 0.7880645E+01  0.3056676E-13
 0.7890323E+01  0.2440936E-13
 0.7900000E+01  0.2061430E-13
 0.7909677E+01  0.2016583E-13
 0.7919355E+01  0.1880078E-13
 0.7929032E+01  0.1756868E-13
 0.7938710E+01  0.1538083E-13
 0.7948387E+01  0.1352626E-13
 0.7958065E+01  0.1143184E-13
 0.7967742E+01  0.1022221E-13
 0.7977419E+01  0.9121015E-14
 0.7987097E+01  0.7812587E-14
 0.7996774E+01  0.7339026E-14
 0.8006452E+01  0.6407847E-14
 0.8016129E+01  0.5887108E-14
 0.8025806E+01  0.4623057E-14
 0.8035484E+01  0.4129294E-14
 0.8045161E+01  0.3740984E-14
 0.8054839E+01  0.4070504E-14
 0.8064516E+01  0.5068651E-14
 0.8074194E+01  0.5689183E-14
 0.8083871E+01  0.6153426E-14
 0.8093548E+01  0.5654350E-14
 0.8103226E+01  0.5283182E-14
 0.8112903E+01  0.5530986E-14
 0.8122581E+01  0.5739166E-14
 0.8132258E+01  0.6303246E-14
 0.8141935E+01  0.7443167E-14
 0.8151613E+01  0.9232942E-14
 0.8161290E+01  0.1136295E-13
 0.8170968E+01  0.1367774E-13
 0.8180645E+01  0.1563401E-13
 0.8190323E+01  0.1755099E-13
 0.8200000E+01  0.1877518E-13
 0.8209677E+01  0.1878954E-13
 0.8219355E+01  0.1797874E-13
 0.8229032E+01  0.1631935E-13
 0.8238710E+01  0.1478467E-13
 0.8248387E+01  0.1517725E-13
 0.8258065E+01  0.1639319E-13
 0.8267742E+01  0.1601569E-13
 0.8277419E+01  0.1535003E-13
 0.8287097E+01  0.1363134E-13
 0.8296774E+01  0.1190463E-13
 0.8306452E+01  0.9414191E-14
 0.8316129E+01  0.7726181E-14
 0.8325806E+01  0.7090854E-14
 0.8335484E+01  0.6322530E-14
 0.8345161E+01  0.5915843E-14
 0.8354839E+01  0.5935610E-14
 0.8364516E+01  0.6856907E-14
 0.8374194E+01  0.7283983E-14
 0.8383871E+01  0.7210576E-14
 0.8393548E+01  0.7432478E-14
 0.8403226E+01  0.7697278E-14
 0.8412903E+01  0.7737374E-14
 0.8422581E+01  0.7718955E-14
 0.8432258E+01  0.7707280E-14
 0.8441935E+01  0.8062960E-14
 0.8451613E+01  0.1034655E-13
 0.8461290E+01  0.1505549E-13
 0.8470968E+01  0.2253221E-13
 0.8480645E+01  0.2885972E-13
 0.8490323E+01  0.3514461E-13
 0.8500000E+01  0.4146081E-13
 0.8509677E+01  0.4440338E-13
 0.8519355E+01  0.4715064E-13
 0.8529032E+01  0.4858262E-13
 0.8538710E+01  0.4266485E-13
 0.8548387E+01  0.4422417E-13
 0.8558065E+01  0.4183205E-13
 0.8567742E+01  0.4113936E-13
 0.8577419E+01  0.4171700E-13
 0.8587097E+01  0.4535224E-13
 0.8596774E+01  0.5954538E-13
 0.8606452E+01  0.6603060E-13
 0.8616129E+01  0.8209311E-13
 0.8625806E+01  0.8982238E-13
 0.8635484E+01  0.9120808E-13
 0.8645161E+01  0.9277255E-13
 0.8654839E+01  0.8452242E-13
 0.8664516E+01  0.7292305E-13
 0.8674194E+01  0.6913665E-13
 0.8683871E+01  0.7329925E-13
 0.8693548E+01  0.7268987E-13
 0.8703226E+01  0.7058745E-13
 0.8712903E+01  0.7412971E-13
 0.8722581E+01  0.6616695E-13
 0.8732258E+01  0.6064765E-13
 0.8741935E+01  0.5810967E-13
 0.8751613E+01  0.4406921E-13
 0.8761290E+01  0.3313057E-13
 0.8770968E+01  0.2969194E-13
 0.8780645E+01  0.2693560E-13
 0.8790323E+01  0.3004234E-13
 0.8800000E+01  0.3419124E-13
 0.8809677E+01  0.2851212E-13
 0.8819355E+01  0.2547286E-13
 0.8829032E+01  0.2499994E-13
 0.8838710E+01  0.1926063E-13
 0.8848387E+01  0.2028005E-13
 0.8858065E+01  0.2209232E-13
 0.8867742E+01  0.2683153E-13
 0.8877419E+01  0.2916599E-13
 0.8887097E+01  0.2931244E-13
 0.8896774E+01  0.3254974E-13
 0.8906452E+01  0.2952043E-13
 0.8916129E+01  0.2963683E-13
 0.8925806E+01  0.3053905E-13
 0.8935484E+01  0.2599160E-13
 0.8945161E+01  0.2808901E-13
 0.8954839E+01  0.2247136E-13
 0.8964516E+01  0.2428922E-13
 0.8974194E+01  0.2651077E-13
 0.8983871E+01  0.3296455E-13
 0.8993548E+01  0.3748853E-13
 0.9003226E+01  0.3276548E-13
 0.9012903E+01  0.4486533E-13
 0.9022581E+01  0.4669427E-13
 0.9032258E+01  0.4403195E-13
 0.9041935E+01  0.3938068E-13
 0.9051613E+01  0.3439858E-13
 0.9061290E+01  0.3092589E-13
 0.9070968E+01  0.3666343E-13
 0.9080645E+01  0.4518807E-13
 0.9090323E+01  0.4950639E-13
 0.9100000E+01  0.5924326E-13
 0.9109677E+01  0.7169133E-13
 0.9119355E+01  0.8360481E-13
 0.9129032E+01  0.9217994E-13
 0.9138710E+01  0.1078126E-12
 0.9148387E+01  0.1210796E-12
 0.9158065E+01  0.1316804E-12
 0.9167742E+01  0.1547786E-12
 0.9177419E+01  0.1740250E-12
 0.9187097E+01  0.1917552E-12
 0.9196774E+01  0.2059793E-12
 0.9206452E+01  0.2248871E-12
 0.9216129E+01  0.2299608E-12
 0.9225806E+01  0.2385772E-12
 0.9235484E+01  0.2379580E-12
 0.9245161E+01  0.2457154E-12
 0.9254839E+01  0.2652183E-12
 0.9264516E+01  0.2755219E-12
 0.9274194E+01  0.2828271E-12
 0.9283871E+01  0.2861060E-12
 0.9293548E+01  0.2997128E-12
 0.9303226E+01  0.3054789E-12
 0.9312903E+01  0.3161089E-12
 0.9322581E+01  0.3219131E-12
 0.9332258E+01  0.3196224E-12
 0.9341935E+01  0.3233697E-12
 0.9351613E+01  0.3397461E-12
 0.9361290E+01  0.3383214E-12
 0.9370968E+01  0.3331442E-12
 0.9380645E+01  0.3139784E-12
 0.9390323E+01  0.2784618E-12
 0.9400000E+01  0.2596994E-12
 0.9409677E+01  0.2493774E-12
 0.9419355E+01  0.2488307E-12
 0.9429032E+01  0.2562653E-12
 0.9438710E+01  0.2586073E-12
 0.9448387E+01  0.2648874E-12
 0.9458065E+01  0.2661470E-12
 0.9467742E+01  0.2575653E-12
 0.9477419E+01  0.2520696E-12
 0.9487097E+01  0.2477095E-12
 0.9496774E+01  0.2507518E-12
 0.9506452E+01  0.2640243E-12
 0.9516129E+01  0.2723856E-12
 0.9525806E+01  0.2764683E-12
 0.9535484E+01  0.2586872E-12
 0.9545161E+01  0.2423757E-12
 0.9554839E+01  0.2322623E-12
 0.9564516E+01  0.2296187E-12
 0.9574194E+01  0.2259351E-12
 0.9583871E+01  0.2249341E-12
 0.9593548E+01  0.2207963E-12
 0.9603226E+01  0.2082460E-12
 0.9612903E+01  0.2013467E-12
 0.9622581E+01  0.1904260E-12
 0.9632258E+01  0.1830776E-12
 0.9641935E+01  0.1682050E-12
 0.9651613E+01  0.1613233E-12
 0.9661290E+01  0.1622725E-12
 0.9670968E+01  0.1490970E-12
 0.9680645E+01  0.1390082E-12
 0.9690323E+01  0.1212713E-12
 0.9700000E+01  0.1001992E-12
 0.9709677E+01  0.8968779E-13
 0.9719355E+01  0.8252340E-13
 0.9729032E+01  0.7653057E-13
 0.9738710E+01  0.7457080E-13
 0.9748387E+01  0.6669135E-13
 0.9758065E+01  0.6165698E-13
 0.9767742E+01  0.5886468E-13
 0.9777419E+01  0.4905083E-13
 0.9787097E+01  0.4269321E-13
 0.9796774E+01  0.3896433E-13
 0.9806452E+01  0.3951558E-13
 0.9816129E+01  0.3770868E-13
 0.9825806E+01  0.4058924E-13
 0.9835484E+01  0.4401164E-13
 0.9845161E+01  0.4610805E-13
 0.9854839E+01  0.5037210E-13
 0.9864516E+01  0.5106955E-13
 0.9874194E+01  0.5632302E-13
 0.9883871E+01  0.5763251E-13
 0.9893548E+01  0.6158492E-13
 0.9903226E+01  0.6249070E-13
 0.9912903E+01  0.6428913E-13
 0.9922581E+01  0.6900367E-13
 0.9932258E+01  0.6371660E-13
 0.9941935E+01  0.5764450E-13
 0.9951613E+01  0.4966927E-13
 0.9961290E+01  0.3893315E-13
 0.9970968E+01  0.3189593E-13
 0.9980645E+01  0.2382912E-13
 0.9990323E+01  0.1324436E-13
 0.1000000E+02  0.5215282E-14
