 0.1000000E+01  0.1200037E+01
 0.2000000E+01  0.1200226E+01
 0.3000000E+01  0.1200566E+01
 0.4000000E+01  0.1201056E+01
 0.5000000E+01  0.1201695E+01
 0.6000000E+01  0.1202485E+01
 0.7000000E+01  0.1203422E+01
 0.8000000E+01  0.1204507E+01
 0.9000000E+01  0.1205738E+01
 0.1000000E+02  0.1207114E+01
 0.1100000E+02  0.1208633E+01
 0.1200000E+02  0.1210294E+01
 0.1300000E+02  0.1212095E+01
 0.1400000E+02  0.1214035E+01
 0.1500000E+02  0.1216110E+01
 0.1600000E+02  0.1218320E+01
 0.1700000E+02  0.1220661E+01
 0.1800000E+02  0.1223132E+01
 0.1900000E+02  0.1225731E+01
 0.2000000E+02  0.1228455E+01
 0.2100000E+02  0.1231301E+01
 0.2200000E+02  0.1234267E+01
 0.2300000E+02  0.1237351E+01
 0.2400000E+02  0.1240550E+01
 0.2500000E+02  0.1243860E+01
 0.2600000E+02  0.1247280E+01
 0.2700000E+02  0.1250806E+01
 0.2800000E+02  0.1254436E+01
 0.2900000E+02  0.1258168E+01
 0.3000000E+02  0.1261997E+01
 0.3100000E+02  0.1265921E+01
 0.3200000E+02  0.1269937E+01
 0.3300000E+02  0.1274043E+01
 0.3400000E+02  0.1278236E+01
 0.3500000E+02  0.1282512E+01
 0.3600000E+02  0.1286868E+01
 0.3700000E+02  0.1291302E+01
 0.3800000E+02  0.1295812E+01
 0.3900000E+02  0.1300393E+01
 0.4000000E+02  0.1305043E+01
 0.4100000E+02  0.1309759E+01
 0.4200000E+02  0.1314539E+01
 0.4300000E+02  0.1319379E+01
 0.4400000E+02  0.1324277E+01
 0.4500000E+02  0.1329230E+01
 0.4600000E+02  0.1334235E+01
 0.4700000E+02  0.1339290E+01
 0.4800000E+02  0.1344391E+01
 0.4900000E+02  0.1349536E+01
 0.5000000E+02  0.1354722E+01
 0.5100000E+02  0.1359947E+01
 0.5200000E+02  0.1365209E+01
 0.5300000E+02  0.1370503E+01
 0.5400000E+02  0.1375829E+01
 0.5500000E+02  0.1381184E+01
 0.5600000E+02  0.1386564E+01
 0.5700000E+02  0.1391968E+01
 0.5800000E+02  0.1397393E+01
 0.5900000E+02  0.1402837E+01
 0.6000000E+02  0.1408298E+01
 0.6100000E+02  0.1413773E+01
 0.6200000E+02  0.1419260E+01
 0.6300000E+02  0.1424757E+01
 0.6400000E+02  0.1430262E+01
 0.6500000E+02  0.1435772E+01
 0.6600000E+02  0.1441285E+01
 0.6700000E+02  0.1446801E+01
 0.6800000E+02  0.1452315E+01
 0.6900000E+02  0.1457827E+01
 0.7000000E+02  0.1463334E+01
 0.7100000E+02  0.1468835E+01
 0.7200000E+02  0.1474328E+01
 0.7300000E+02  0.1479810E+01
 0.7400000E+02  0.1485281E+01
 0.7500000E+02  0.1490738E+01
 0.7600000E+02  0.1496180E+01
 0.7700000E+02  0.1501605E+01
 0.7800000E+02  0.1507011E+01
 0.7900000E+02  0.1512396E+01
 0.8000000E+02  0.1517760E+01
 0.8100000E+02  0.1523101E+01
 0.8200000E+02  0.1528417E+01
 0.8300000E+02  0.1533706E+01
 0.8400000E+02  0.1538968E+01
 0.8500000E+02  0.1544200E+01
 0.8600000E+02  0.1549402E+01
 0.8700000E+02  0.1554573E+01
 0.8800000E+02  0.1559710E+01
 0.8900000E+02  0.1564812E+01
 0.9000000E+02  0.1569879E+01
 0.9100000E+02  0.1574909E+01
 0.9200000E+02  0.1579901E+01
 0.9300000E+02  0.1584854E+01
 0.9400000E+02  0.1589767E+01
 0.9500000E+02  0.1594638E+01
 0.9600000E+02  0.1599467E+01
 0.9700000E+02  0.1604253E+01
 0.9800000E+02  0.1608994E+01
 0.9900000E+02  0.1613689E+01
 0.1000000E+03  0.1618338E+01
 0.1010000E+03  0.1622940E+01
 0.1020000E+03  0.1627494E+01
 0.1030000E+03  0.1631998E+01
 0.1040000E+03  0.1636453E+01
 0.1050000E+03  0.1640856E+01
 0.1060000E+03  0.1645209E+01
 0.1070000E+03  0.1649509E+01
 0.1080000E+03  0.1653755E+01
 0.1090000E+03  0.1657948E+01
 0.1100000E+03  0.1662087E+01
 0.1110000E+03  0.1666170E+01
 0.1120000E+03  0.1670197E+01
 0.1130000E+03  0.1674167E+01
 0.1140000E+03  0.1678081E+01
 0.1150000E+03  0.1681936E+01
 0.1160000E+03  0.1685733E+01
 0.1170000E+03  0.1689472E+01
 0.1180000E+03  0.1693150E+01
 0.1190000E+03  0.1696769E+01
 0.1200000E+03  0.1700327E+01
 0.1210000E+03  0.1703824E+01
 0.1220000E+03  0.1707259E+01
 0.1230000E+03  0.1710632E+01
 0.1240000E+03  0.1713943E+01
 0.1250000E+03  0.1717191E+01
 0.1260000E+03  0.1720375E+01
 0.1270000E+03  0.1723496E+01
 0.1280000E+03  0.1726552E+01
 0.1290000E+03  0.1729544E+01
 0.1300000E+03  0.1732472E+01
 0.1310000E+03  0.1735333E+01
 0.1320000E+03  0.1738130E+01
 0.1330000E+03  0.1740860E+01
 0.1340000E+03  0.1743524E+01
 0.1350000E+03  0.1746122E+01
 0.1360000E+03  0.1748653E+01
 0.1370000E+03  0.1751117E+01
 0.1380000E+03  0.1753513E+01
 0.1390000E+03  0.1755842E+01
 0.1400000E+03  0.1758103E+01
 0.1410000E+03  0.1760296E+01
 0.1420000E+03  0.1762421E+01
 0.1430000E+03  0.1764478E+01
 0.1440000E+03  0.1766466E+01
 0.1450000E+03  0.1768385E+01
 0.1460000E+03  0.1770235E+01
 0.1470000E+03  0.1772017E+01
 0.1480000E+03  0.1773729E+01
 0.1490000E+03  0.1775371E+01
 0.1500000E+03  0.1776944E+01
 0.1510000E+03  0.1778448E+01
 0.1520000E+03  0.1779881E+01
 0.1530000E+03  0.1781245E+01
 0.1540000E+03  0.1782539E+01
 0.1550000E+03  0.1783763E+01
 0.1560000E+03  0.1784917E+01
 0.1570000E+03  0.1786001E+01
 0.1580000E+03  0.1787015E+01
 0.1590000E+03  0.1787959E+01
 0.1600000E+03  0.1788832E+01
 0.1610000E+03  0.1789635E+01
 0.1620000E+03  0.1790368E+01
 0.1630000E+03  0.1791031E+01
 0.1640000E+03  0.1791623E+01
 0.1650000E+03  0.1792146E+01
 0.1660000E+03  0.1792598E+01
 0.1670000E+03  0.1792980E+01
 0.1680000E+03  0.1793291E+01
 0.1690000E+03  0.1793533E+01
 0.1700000E+03  0.1793705E+01
 0.1710000E+03  0.1793806E+01
 0.1720000E+03  0.1793838E+01
 0.1730000E+03  0.1793800E+01
 0.1740000E+03  0.1793693E+01
 0.1750000E+03  0.1793515E+01
 0.1760000E+03  0.1793269E+01
 0.1770000E+03  0.1792953E+01
 0.1780000E+03  0.1792567E+01
 0.1790000E+03  0.1792113E+01
 0.1800000E+03  0.1791589E+01
 0.1810000E+03  0.1790997E+01
 0.1820000E+03  0.1790336E+01
 0.1830000E+03  0.1789607E+01
 0.1840000E+03  0.1788809E+01
 0.1850000E+03  0.1787943E+01
 0.1860000E+03  0.1787009E+01
 0.1870000E+03  0.1786008E+01
 0.1880000E+03  0.1784939E+01
 0.1890000E+03  0.1783802E+01
 0.1900000E+03  0.1782599E+01
 0.1910000E+03  0.1781329E+01
 0.1920000E+03  0.1779992E+01
 0.1930000E+03  0.1778589E+01
 0.1940000E+03  0.1777120E+01
 0.1950000E+03  0.1775585E+01
 0.1960000E+03  0.1773985E+01
 0.1970000E+03  0.1772319E+01
 0.1980000E+03  0.1770589E+01
 0.1990000E+03  0.1768794E+01
 0.2000000E+03  0.1766935E+01
 0.2010000E+03  0.1765013E+01
 0.2020000E+03  0.1763026E+01
 0.2030000E+03  0.1760977E+01
 0.2040000E+03  0.1758864E+01
 0.2050000E+03  0.1756690E+01
 0.2060000E+03  0.1754453E+01
 0.2070000E+03  0.1752155E+01
 0.2080000E+03  0.1749796E+01
 0.2090000E+03  0.1747375E+01
 0.2100000E+03  0.1744895E+01
 0.2110000E+03  0.1742355E+01
 0.2120000E+03  0.1739755E+01
 0.2130000E+03  0.1737097E+01
 0.2140000E+03  0.1734380E+01
 0.2150000E+03  0.1731605E+01
 0.2160000E+03  0.1728772E+01
 0.2170000E+03  0.1725883E+01
 0.2180000E+03  0.1722938E+01
 0.2190000E+03  0.1719937E+01
 0.2200000E+03  0.1716880E+01
 0.2210000E+03  0.1713769E+01
 0.2220000E+03  0.1710604E+01
 0.2230000E+03  0.1707385E+01
 0.2240000E+03  0.1704114E+01
 0.2250000E+03  0.1700791E+01
 0.2260000E+03  0.1697416E+01
 0.2270000E+03  0.1693990E+01
 0.2280000E+03  0.1690514E+01
 0.2290000E+03  0.1686988E+01
 0.2300000E+03  0.1683414E+01
 0.2310000E+03  0.1679792E+01
 0.2320000E+03  0.1676122E+01
 0.2330000E+03  0.1672406E+01
 0.2340000E+03  0.1668645E+01
 0.2350000E+03  0.1664838E+01
 0.2360000E+03  0.1660987E+01
 0.2370000E+03  0.1657093E+01
 0.2380000E+03  0.1653156E+01
 0.2390000E+03  0.1649178E+01
 0.2400000E+03  0.1645159E+01
 0.2410000E+03  0.1641100E+01
 0.2420000E+03  0.1637003E+01
 0.2430000E+03  0.1632867E+01
 0.2440000E+03  0.1628694E+01
 0.2450000E+03  0.1624485E+01
 0.2460000E+03  0.1620241E+01
 0.2470000E+03  0.1615963E+01
 0.2480000E+03  0.1611652E+01
 0.2490000E+03  0.1607309E+01
 0.2500000E+03  0.1602935E+01
 0.2510000E+03  0.1598531E+01
 0.2520000E+03  0.1594098E+01
 0.2530000E+03  0.1589637E+01
 0.2540000E+03  0.1585150E+01
 0.2550000E+03  0.1580638E+01
 0.2560000E+03  0.1576101E+01
 0.2570000E+03  0.1571541E+01
 0.2580000E+03  0.1566960E+01
 0.2590000E+03  0.1562357E+01
 0.2600000E+03  0.1557736E+01
 0.2610000E+03  0.1553096E+01
 0.2620000E+03  0.1548440E+01
 0.2630000E+03  0.1543768E+01
 0.2640000E+03  0.1539082E+01
 0.2650000E+03  0.1534383E+01
 0.2660000E+03  0.1529672E+01
 0.2670000E+03  0.1524952E+01
 0.2680000E+03  0.1520223E+01
 0.2690000E+03  0.1515486E+01
 0.2700000E+03  0.1510744E+01
 0.2710000E+03  0.1505998E+01
 0.2720000E+03  0.1501248E+01
 0.2730000E+03  0.1496498E+01
 0.2740000E+03  0.1491747E+01
 0.2750000E+03  0.1486998E+01
 0.2760000E+03  0.1482253E+01
 0.2770000E+03  0.1477512E+01
 0.2780000E+03  0.1472778E+01
 0.2790000E+03  0.1468051E+01
 0.2800000E+03  0.1463335E+01
 0.2810000E+03  0.1458629E+01
 0.2820000E+03  0.1453936E+01
 0.2830000E+03  0.1449258E+01
 0.2840000E+03  0.1444597E+01
 0.2850000E+03  0.1439953E+01
 0.2860000E+03  0.1435329E+01
 0.2870000E+03  0.1430726E+01
 0.2880000E+03  0.1426146E+01
 0.2890000E+03  0.1421592E+01
 0.2900000E+03  0.1417063E+01
 0.2910000E+03  0.1412564E+01
 0.2920000E+03  0.1408094E+01
 0.2930000E+03  0.1403657E+01
 0.2940000E+03  0.1399253E+01
 0.2950000E+03  0.1394884E+01
 0.2960000E+03  0.1390553E+01
 0.2970000E+03  0.1386262E+01
 0.2980000E+03  0.1382011E+01
 0.2990000E+03  0.1377803E+01
 0.3000000E+03  0.1373640E+01
 0.3010000E+03  0.1369523E+01
 0.3020000E+03  0.1365454E+01
 0.3030000E+03  0.1361436E+01
 0.3040000E+03  0.1357469E+01
 0.3050000E+03  0.1353557E+01
 0.3060000E+03  0.1349700E+01
 0.3070000E+03  0.1345900E+01
 0.3080000E+03  0.1342160E+01
 0.3090000E+03  0.1338481E+01
 0.3100000E+03  0.1334865E+01
 0.3110000E+03  0.1331313E+01
 0.3120000E+03  0.1327828E+01
 0.3130000E+03  0.1324411E+01
 0.3140000E+03  0.1321064E+01
 0.3150000E+03  0.1317789E+01
 0.3160000E+03  0.1314587E+01
 0.3170000E+03  0.1311461E+01
 0.3180000E+03  0.1308411E+01
 0.3190000E+03  0.1305440E+01
 0.3200000E+03  0.1302549E+01
 0.3210000E+03  0.1299740E+01
 0.3220000E+03  0.1297014E+01
 0.3230000E+03  0.1294373E+01
 0.3240000E+03  0.1291819E+01
 0.3250000E+03  0.1289352E+01
 0.3260000E+03  0.1286975E+01
 0.3270000E+03  0.1284689E+01
 0.3280000E+03  0.1282496E+01
 0.3290000E+03  0.1280396E+01
 0.3300000E+03  0.1278391E+01
 0.3310000E+03  0.1276482E+01
 0.3320000E+03  0.1274672E+01
 0.3330000E+03  0.1272960E+01
 0.3340000E+03  0.1271348E+01
 0.3350000E+03  0.1269837E+01
 0.3360000E+03  0.1268428E+01
 0.3370000E+03  0.1267123E+01
 0.3380000E+03  0.1265922E+01
 0.3390000E+03  0.1264825E+01
 0.3400000E+03  0.1263835E+01
 0.3410000E+03  0.1262952E+01
 0.3420000E+03  0.1262176E+01
 0.3430000E+03  0.1261508E+01
 0.3440000E+03  0.1260950E+01
 0.3450000E+03  0.1260501E+01
 0.3460000E+03  0.1260162E+01
 0.3470000E+03  0.1259933E+01
 0.3480000E+03  0.1259816E+01
 0.3490000E+03  0.1259809E+01
 0.3500000E+03  0.1259914E+01
 0.3510000E+03  0.1260131E+01
 0.3520000E+03  0.1260459E+01
 0.3530000E+03  0.1260900E+01
 0.3540000E+03  0.1261451E+01
 0.3550000E+03  0.1262115E+01
 0.3560000E+03  0.1262890E+01
 0.3570000E+03  0.1263777E+01
 0.3580000E+03  0.1264774E+01
 0.3590000E+03  0.1265882E+01
 0.3600000E+03  0.1267101E+01
 0.3610000E+03  0.1268429E+01
 0.3620000E+03  0.1269866E+01
 0.3630000E+03  0.1271412E+01
 0.3640000E+03  0.1273065E+01
 0.3650000E+03  0.1274826E+01
 0.3660000E+03  0.1276693E+01
 0.3670000E+03  0.1278665E+01
 0.3680000E+03  0.1280741E+01
 0.3690000E+03  0.1282920E+01
 0.3700000E+03  0.1285201E+01
 0.3710000E+03  0.1287583E+01
 0.3720000E+03  0.1290065E+01
 0.3730000E+03  0.1292645E+01
 0.3740000E+03  0.1295321E+01
 0.3750000E+03  0.1298093E+01
 0.3760000E+03  0.1300958E+01
 0.3770000E+03  0.1303916E+01
 0.3780000E+03  0.1306964E+01
 0.3790000E+03  0.1310101E+01
 0.3800000E+03  0.1313325E+01
 0.3810000E+03  0.1316634E+01
 0.3820000E+03  0.1320027E+01
 0.3830000E+03  0.1323501E+01
 0.3840000E+03  0.1327054E+01
 0.3850000E+03  0.1330684E+01
 0.3860000E+03  0.1334389E+01
 0.3870000E+03  0.1338168E+01
 0.3880000E+03  0.1342018E+01
 0.3890000E+03  0.1345936E+01
 0.3900000E+03  0.1349922E+01
 0.3910000E+03  0.1353971E+01
 0.3920000E+03  0.1358082E+01
 0.3930000E+03  0.1362254E+01
 0.3940000E+03  0.1366483E+01
 0.3950000E+03  0.1370766E+01
 0.3960000E+03  0.1375103E+01
 0.3970000E+03  0.1379490E+01
 0.3980000E+03  0.1383924E+01
 0.3990000E+03  0.1388404E+01
 0.4000000E+03  0.1392927E+01
 0.4010000E+03  0.1397491E+01
 0.4020000E+03  0.1402093E+01
 0.4030000E+03  0.1406730E+01
 0.4040000E+03  0.1411401E+01
 0.4050000E+03  0.1416103E+01
 0.4060000E+03  0.1420833E+01
 0.4070000E+03  0.1425590E+01
 0.4080000E+03  0.1430370E+01
 0.4090000E+03  0.1435171E+01
 0.4100000E+03  0.1439992E+01
 0.4110000E+03  0.1444829E+01
 0.4120000E+03  0.1449681E+01
 0.4130000E+03  0.1454544E+01
 0.4140000E+03  0.1459417E+01
 0.4150000E+03  0.1464298E+01
 0.4160000E+03  0.1469184E+01
 0.4170000E+03  0.1474073E+01
 0.4180000E+03  0.1478963E+01
 0.4190000E+03  0.1483852E+01
 0.4200000E+03  0.1488737E+01
 0.4210000E+03  0.1493617E+01
 0.4220000E+03  0.1498490E+01
 0.4230000E+03  0.1503353E+01
 0.4240000E+03  0.1508204E+01
 0.4250000E+03  0.1513042E+01
 0.4260000E+03  0.1517865E+01
 0.4270000E+03  0.1522671E+01
 0.4280000E+03  0.1527458E+01
 0.4290000E+03  0.1532224E+01
 0.4300000E+03  0.1536969E+01
 0.4310000E+03  0.1541689E+01
 0.4320000E+03  0.1546384E+01
 0.4330000E+03  0.1551052E+01
 0.4340000E+03  0.1555691E+01
 0.4350000E+03  0.1560300E+01
 0.4360000E+03  0.1564878E+01
 0.4370000E+03  0.1569422E+01
 0.4380000E+03  0.1573932E+01
 0.4390000E+03  0.1578406E+01
 0.4400000E+03  0.1582843E+01
 0.4410000E+03  0.1587242E+01
 0.4420000E+03  0.1591601E+01
 0.4430000E+03  0.1595920E+01
 0.4440000E+03  0.1600197E+01
 0.4450000E+03  0.1604431E+01
 0.4460000E+03  0.1608620E+01
 0.4470000E+03  0.1612765E+01
 0.4480000E+03  0.1616864E+01
 0.4490000E+03  0.1620915E+01
 0.4500000E+03  0.1624919E+01
 0.4510000E+03  0.1628873E+01
 0.4520000E+03  0.1632778E+01
 0.4530000E+03  0.1636631E+01
 0.4540000E+03  0.1640434E+01
 0.4550000E+03  0.1644184E+01
 0.4560000E+03  0.1647881E+01
 0.4570000E+03  0.1651524E+01
 0.4580000E+03  0.1655113E+01
 0.4590000E+03  0.1658646E+01
 0.4600000E+03  0.1662123E+01
 0.4610000E+03  0.1665544E+01
 0.4620000E+03  0.1668908E+01
 0.4630000E+03  0.1672214E+01
 0.4640000E+03  0.1675462E+01
 0.4650000E+03  0.1678650E+01
 0.4660000E+03  0.1681780E+01
 0.4670000E+03  0.1684850E+01
 0.4680000E+03  0.1687859E+01
 0.4690000E+03  0.1690808E+01
 0.4700000E+03  0.1693695E+01
 0.4710000E+03  0.1696520E+01
 0.4720000E+03  0.1699284E+01
 0.4730000E+03  0.1701985E+01
 0.4740000E+03  0.1704623E+01
 0.4750000E+03  0.1707198E+01
 0.4760000E+03  0.1709710E+01
 0.4770000E+03  0.1712158E+01
 0.4780000E+03  0.1714541E+01
 0.4790000E+03  0.1716861E+01
 0.4800000E+03  0.1719115E+01
 0.4810000E+03  0.1721305E+01
 0.4820000E+03  0.1723429E+01
 0.4830000E+03  0.1725488E+01
 0.4840000E+03  0.1727482E+01
 0.4850000E+03  0.1729410E+01
 0.4860000E+03  0.1731272E+01
 0.4870000E+03  0.1733068E+01
 0.4880000E+03  0.1734798E+01
 0.4890000E+03  0.1736462E+01
 0.4900000E+03  0.1738059E+01
 0.4910000E+03  0.1739590E+01
 0.4920000E+03  0.1741054E+01
 0.4930000E+03  0.1742451E+01
 0.4940000E+03  0.1743782E+01
 0.4950000E+03  0.1745045E+01
 0.4960000E+03  0.1746241E+01
 0.4970000E+03  0.1747370E+01
 0.4980000E+03  0.1748432E+01
 0.4990000E+03  0.1749427E+01
 0.5000000E+03  0.1750355E+01
