 0.1000000E+01  0.9890674E+00  0.1459983E+00 -0.1784705E-16  0.1124554E-15
 0.2000000E+01  0.9565222E+00  0.2887041E+00  0.0000000E+00  0.0000000E+00
 0.3000000E+01  0.9031149E+00  0.4249020E+00  0.0000000E+00  0.0000000E+00
 0.4000000E+01  0.8300763E+00  0.5515288E+00  0.0000000E+00  0.0000000E+00
 0.5000000E+01  0.7390879E+00  0.6657458E+00  0.0000000E+00  0.0000000E+00
 0.6000000E+01  0.6322425E+00  0.7650044E+00  0.0000000E+00  0.0000000E+00
 0.7000000E+01  0.5119937E+00  0.8471061E+00  0.0000000E+00  0.0000000E+00
 0.8000000E+01  0.3810983E+00  0.9102534E+00  0.0000000E+00  0.0000000E+00
 0.9000000E+01  0.2425506E+00  0.9530906E+00  0.0000000E+00  0.0000000E+00
 0.1000000E+02  0.9951193E-01  0.9747354E+00  0.0000000E+00  0.0000000E+00
 0.1100000E+02 -0.4476442E-01  0.9747973E+00  0.0000000E+00  0.0000000E+00
 0.1200000E+02 -0.1870095E+00  0.9533859E+00  0.0000000E+00  0.0000000E+00
 0.1300000E+02 -0.3240157E+00  0.9111065E+00  0.0000000E+00  0.0000000E+00
 0.1400000E+02 -0.4527118E+00  0.8490437E+00  0.0000000E+00  0.0000000E+00
 0.1500000E+02 -0.5702346E+00  0.7687342E+00  0.0000000E+00  0.0000000E+00
 0.1600000E+02 -0.6739953E+00  0.6721284E+00  0.0000000E+00  0.0000000E+00
 0.1700000E+02 -0.7617391E+00  0.5615429E+00  0.0000000E+00  0.0000000E+00
 0.1800000E+02 -0.8315966E+00  0.4396038E+00  0.0000000E+00  0.0000000E+00
 0.1900000E+02 -0.8821258E+00  0.3091833E+00  0.0000000E+00  0.0000000E+00
 0.2000000E+02 -0.9123434E+00  0.1733304E+00  0.0000000E+00  0.0000000E+00
 0.2100000E+02 -0.9217457E+00  0.3519818E-01  0.0000000E+00  0.0000000E+00
 0.2200000E+02 -0.9103171E+00 -0.1020314E+00  0.0000000E+00  0.0000000E+00
 0.2300000E+02 -0.8785274E+00 -0.2352230E+00  0.0000000E+00  0.0000000E+00
 0.2400000E+02 -0.8273173E+00 -0.3613617E+00  0.0000000E+00  0.0000000E+00
 0.2500000E+02 -0.7580726E+00 -0.4776232E+00  0.0000000E+00  0.0000000E+00
 0.2600000E+02 -0.6725887E+00 -0.5814398E+00  0.0000000E+00  0.0000000E+00
 0.2700000E+02 -0.5730238E+00 -0.6705591E+00  0.0000000E+00  0.0000000E+00
 0.2800000E+02 -0.4618458E+00 -0.7430948E+00  0.0000000E+00  0.0000000E+00
 0.2900000E+02 -0.3417702E+00 -0.7975686E+00  0.0000000E+00  0.0000000E+00
 0.3000000E+02 -0.2156942E+00 -0.8329423E+00  0.0000000E+00  0.0000000E+00
 0.3100000E+02 -0.8662529E-01 -0.8486378E+00  0.0000000E+00  0.0000000E+00
 0.3200000E+02  0.4239085E-01 -0.8445476E+00  0.0000000E+00  0.0000000E+00
 0.3300000E+02  0.1683438E+00 -0.8210325E+00  0.0000000E+00  0.0000000E+00
 0.3400000E+02  0.2883298E+00 -0.7789085E+00  0.0000000E+00  0.0000000E+00
 0.3500000E+02  0.3996205E+00 -0.7194230E+00  0.0000000E+00  0.0000000E+00
 0.3600000E+02  0.4997263E+00 -0.6442204E+00  0.0000000E+00  0.0000000E+00
 0.3700000E+02  0.5864539E+00 -0.5552989E+00  0.0000000E+00  0.0000000E+00
 0.3800000E+02  0.6579555E+00 -0.4549581E+00  0.0000000E+00  0.0000000E+00
 0.3900000E+02  0.7127704E+00 -0.3457411E+00  0.0000000E+00  0.0000000E+00
 0.4000000E+02  0.7498548E+00 -0.2303702E+00  0.0000000E+00  0.0000000E+00
 0.4100000E+02  0.7686036E+00 -0.1116792E+00  0.0000000E+00  0.0000000E+00
 0.4200000E+02  0.7688591E+00  0.7456218E-02  0.0000000E+00  0.0000000E+00
 0.4300000E+02  0.7509101E+00  0.1241888E+00  0.0000000E+00  0.0000000E+00
 0.4400000E+02  0.7154795E+00  0.2357683E+00  0.0000000E+00  0.0000000E+00
 0.4500000E+02  0.6637018E+00  0.3396070E+00  0.5521181E-16  0.1063861E-15
 0.4600000E+02  0.5970901E+00  0.4333410E+00 -0.1225567E-15  0.1027738E-16
 0.4700000E+02  0.5174952E+00  0.5148848E+00  0.0000000E+00  0.0000000E+00
 0.4800000E+02  0.4270555E+00  0.5824789E+00  0.0000000E+00  0.0000000E+00
 0.4900000E+02  0.3281417E+00  0.6347284E+00  0.0000000E+00  0.0000000E+00
 0.5000000E+02  0.2232957E+00  0.6706328E+00  0.0000000E+00  0.0000000E+00
 0.5100000E+02  0.1151656E+00  0.6896054E+00  0.0000000E+00  0.0000000E+00
 0.5200000E+02  0.6439971E-02  0.6914821E+00  0.0000000E+00  0.0000000E+00
 0.5300000E+02 -0.1002195E+00  0.6765201E+00  0.0000000E+00  0.0000000E+00
 0.5400000E+02 -0.2022428E+00  0.6453857E+00  0.0000000E+00  0.0000000E+00
 0.5500000E+02 -0.2972141E+00  0.5991327E+00  0.0000000E+00  0.0000000E+00
 0.5600000E+02 -0.3829290E+00  0.5391704E+00  0.0000000E+00  0.0000000E+00
 0.5700000E+02 -0.4574467E+00  0.4672247E+00  0.0000000E+00  0.0000000E+00
 0.5800000E+02 -0.5191343E+00  0.3852900E+00  0.0000000E+00  0.0000000E+00
 0.5900000E+02 -0.5667032E+00  0.2955766E+00  0.0000000E+00  0.0000000E+00
 0.6000000E+02 -0.5992362E+00  0.2004522E+00  0.0000000E+00  0.0000000E+00
 0.6100000E+02 -0.6162052E+00  0.1023806E+00  0.0000000E+00  0.0000000E+00
 0.6200000E+02 -0.6174790E+00  0.3859066E-02  0.0000000E+00  0.0000000E+00
 0.6300000E+02 -0.6033206E+00 -0.9264508E-01  0.0000000E+00  0.0000000E+00
 0.6400000E+02 -0.5743753E+00 -0.1847556E+00 -0.4128482E-16 -0.1055410E-15
 0.6500000E+02 -0.5316487E+00 -0.2702460E+00  0.1161708E-15 -0.1218080E-16
 0.6600000E+02 -0.4764763E+00 -0.3470930E+00 -0.3627866E-16  0.1161775E-15
 0.6700000E+02 -0.4104847E+00 -0.4135252E+00 -0.6799980E-16 -0.1045994E-15
 0.6800000E+02 -0.3355468E+00 -0.4680636E+00  0.8144801E-16  0.6355935E-16
 0.6900000E+02 -0.2537302E+00 -0.5095549E+00 -0.1211294E-15 -0.7354783E-16
 0.7000000E+02 -0.1672421E+00 -0.5371962E+00  0.1210322E-15  0.9179508E-16
 0.7100000E+02 -0.7837140E-01 -0.5505497E+00 -0.8057808E-16 -0.1739750E-15
 0.7200000E+02  0.1057109E-01 -0.5495490E+00  0.1658056E-16  0.1861038E-15
 0.7300000E+02  0.9731174E-01 -0.5344949E+00  0.1542535E-15 -0.1220850E-15
 0.7400000E+02  0.1796716E+00 -0.5060424E+00 -0.2044057E-15 -0.5648803E-16
 0.7500000E+02  0.2556209E+00 -0.4651785E+00 -0.4710507E-16  0.1431366E-15
 0.7600000E+02  0.3233286E+00 -0.4131922E+00  0.2469504E-15  0.5646375E-16
 0.7700000E+02  0.3812067E+00 -0.3516369E+00  0.6189263E-16 -0.2254871E-15
 0.7800000E+02  0.4279473E+00 -0.2822862E+00 -0.2178252E-15 -0.1371273E-15
 0.7900000E+02  0.4625523E+00 -0.2070850E+00 -0.2743095E-15  0.5633492E-16
 0.8000000E+02  0.4843543E+00 -0.1280970E+00 -0.9738754E-16  0.2469907E-15
 0.8100000E+02  0.4930294E+00 -0.4744932E-01  0.1071772E-15  0.2107008E-15
 0.8200000E+02  0.4885998E+00  0.3272355E-01  0.2263799E-15  0.1482899E-15
 0.8300000E+02  0.4714290E+00  0.1103352E+00  0.2705868E-15  0.1131059E-15
 0.8400000E+02  0.4422062E+00  0.1834010E+00  0.1818512E-15  0.8734731E-16
 0.8500000E+02  0.4019246E+00  0.2500880E+00  0.1305674E-15  0.7238090E-16
 0.8600000E+02  0.3518504E+00  0.3087609E+00  0.1757066E-15  0.8798935E-16
 0.8700000E+02  0.2934857E+00  0.3580215E+00  0.1347378E-15  0.1344525E-15
 0.8800000E+02  0.2285261E+00  0.3967424E+00  0.3519611E-16  0.1252216E-15
 0.8900000E+02  0.1588129E+00  0.4240919E+00 -0.6185235E-16  0.1867798E-15
 0.9000000E+02  0.8628292E-01  0.4395524E+00 -0.1838642E-15  0.5603724E-16
 0.9100000E+02  0.1291620E-01  0.4429287E+00 -0.2009401E-15 -0.1013010E-15
 0.9200000E+02 -0.5931709E-01  0.4343492E+00 -0.3399749E-16 -0.1528916E-15
 0.9300000E+02 -0.1285084E+00  0.4142573E+00  0.1354720E-15 -0.5142627E-16
 0.9400000E+02 -0.1928605E+00  0.3833958E+00  0.7810182E-16  0.1280576E-15
 0.9500000E+02 -0.2507333E+00  0.3427824E+00 -0.1350632E-15  0.8103055E-16
 0.9600000E+02 -0.3006856E+00  0.2936793E+00 -0.1170882E-15 -0.1695975E-15
 0.9700000E+02 -0.3415103E+00  0.2375561E+00  0.2243154E-15 -0.1503070E-15
 0.9800000E+02 -0.3722636E+00  0.1760476E+00  0.1673628E-15  0.2684479E-15
 0.9900000E+02 -0.3922861E+00  0.1109082E+00 -0.3085868E-15  0.1284823E-15
 0.1000000E+03 -0.4012172E+00  0.4396313E-01 -0.5009578E-16 -0.3453981E-15
 0.1010000E+03 -0.3990002E+00 -0.2294093E-01  0.4176731E-15  0.1422255E-16
 0.1020000E+03 -0.3858801E+00 -0.8798606E-01 -0.1945340E-15  0.4893887E-15
 0.1030000E+03 -0.3623929E+00 -0.1494313E+00 -0.3542251E-15 -0.4719910E-15
 0.1040000E+03 -0.3293473E+00 -0.2056586E+00  0.5086708E-15  0.9538813E-17
 0.1050000E+03 -0.2877996E+00 -0.2552145E+00 -0.2440957E-15  0.4234378E-15
 0.1060000E+03 -0.2390220E+00 -0.2968476E+00 -0.2605416E-15 -0.5389524E-15
 0.1070000E+03 -0.1844652E+00 -0.3295395E+00  0.6600252E-15  0.2491663E-15
 0.1080000E+03 -0.1257175E+00 -0.3525296E+00 -0.6821656E-15  0.2304492E-15
 0.1090000E+03 -0.6445965E-01 -0.3653326E+00  0.4321499E-15 -0.5306149E-15
 0.1100000E+03 -0.2418196E-02 -0.3677480E+00 -0.6932779E-16  0.6463085E-15
 0.1110000E+03  0.5868180E-01 -0.3598624E+00 -0.3457201E-15 -0.7114101E-15
 0.1120000E+03  0.1171638E+00 -0.3420435E+00  0.6125803E-15  0.3697246E-15
 0.1130000E+03  0.1714448E+00 -0.3149271E+00 -0.8131108E-15 -0.2371721E-15
 0.1140000E+03  0.2200776E+00 -0.2793965E+00  0.7920540E-15 -0.1371029E-15
 0.1150000E+03  0.2617885E+00 -0.2365556E+00 -0.8823534E-15  0.2089493E-15
 0.1160000E+03  0.2955104E+00 -0.1876962E+00  0.7196410E-15 -0.4057846E-15
 0.1170000E+03  0.3204098E+00 -0.1342607E+00 -0.8954558E-15  0.5030362E-15
 0.1180000E+03  0.3359069E+00 -0.7780068E-01  0.7122755E-15 -0.5493274E-15
 0.1190000E+03  0.3416890E+00 -0.1993363E-01 -0.8293307E-15  0.6046959E-15
 0.1200000E+03  0.3377163E+00  0.3770266E-01  0.8128628E-15 -0.5643078E-15
 0.1210000E+03  0.3242201E+00  0.9349513E-01 -0.8980039E-15  0.5003317E-15
 0.1220000E+03  0.3016941E+00  0.1458997E+00  0.8903085E-15 -0.4271355E-15
 0.1230000E+03  0.2708777E+00  0.1934830E+00 -0.1081974E-14 -0.3216151E-16
 0.1240000E+03  0.2327334E+00  0.2349613E+00  0.1315974E-14 -0.2793865E-16
 0.1250000E+03  0.1884184E+00  0.2692340E+00 -0.7457552E-15 -0.4314174E-15
 0.1260000E+03  0.1392506E+00  0.2954130E+00  0.1007403E-14  0.9701418E-15
 0.1270000E+03  0.8667056E-01  0.3128449E+00 -0.5554390E-15 -0.9649294E-15
 0.1280000E+03  0.3220063E-01  0.3211274E+00 -0.2140228E-16  0.1336800E-14
 0.1290000E+03 -0.2259794E-01  0.3201182E+00  0.5882067E-15 -0.1026351E-14
 0.1300000E+03 -0.7616879E-01  0.3099367E+00 -0.1211590E-14  0.8618321E-15
 0.1310000E+03 -0.1270036E+00  0.2909589E+00  0.1181478E-14 -0.2885188E-17
 0.1320000E+03 -0.1736838E+00  0.2638046E+00 -0.1320741E-14 -0.9509332E-15
 0.1330000E+03 -0.2149192E+00  0.2293186E+00  0.6299279E-15  0.1126655E-14
 0.1340000E+03 -0.2495831E+00  0.1885450E+00  0.7782606E-15 -0.1301460E-14
 0.1350000E+03 -0.2767428E+00  0.1426975E+00 -0.1498923E-14  0.1086595E-14
 0.1360000E+03 -0.2956839E+00  0.9312344E-01  0.1333144E-14  0.2759929E-16
 0.1370000E+03 -0.3059290E+00  0.4126586E-01 -0.5568334E-15 -0.1344543E-14
 0.1380000E+03 -0.3072497E+00 -0.1137765E-01 -0.5986083E-15  0.1801039E-14
 0.1390000E+03 -0.2996712E+00 -0.6329715E-01  0.1505623E-14 -0.1009703E-14
 0.1400000E+03 -0.2834703E+00 -0.1130127E+00 -0.1429057E-14 -0.4047219E-15
 0.1410000E+03 -0.2591660E+00 -0.1591158E+00 -0.4083051E-16  0.1418278E-14
 0.1420000E+03 -0.2275039E+00 -0.2003082E+00  0.1821959E-14 -0.1437296E-14
 0.1430000E+03 -0.1894341E+00 -0.2354380E+00 -0.2361018E-14 -0.1078810E-15
 0.1440000E+03 -0.1460832E+00 -0.2635311E+00  0.1114296E-14  0.1167247E-14
 0.1450000E+03 -0.9872226E-01 -0.2838179E+00  0.1267842E-14 -0.9937581E-15
 0.1460000E+03 -0.4873028E-01 -0.2957539E+00 -0.2189327E-14 -0.6807775E-15
 0.1470000E+03  0.2445072E-02 -0.2990343E+00  0.8495013E-15  0.2132994E-14
 0.1480000E+03  0.5332838E-01 -0.2936011E+00  0.1425686E-14 -0.1454891E-14
 0.1490000E+03  0.1024581E+00 -0.2796445E+00 -0.1868599E-14 -0.9569124E-15
 0.1500000E+03  0.1484276E+00 -0.2575963E+00 -0.1085913E-15  0.2227614E-14
 0.1510000E+03  0.1899247E+00 -0.2281170E+00  0.2348911E-14 -0.7180778E-15
 0.1520000E+03  0.2257684E+00 -0.1920770E+00 -0.1308592E-14 -0.1799749E-14
 0.1530000E+03  0.2549416E+00 -0.1505307E+00 -0.1308548E-14  0.2017244E-14
 0.1540000E+03  0.2766195E+00 -0.1046872E+00  0.2265483E-14  0.1072634E-14
 0.1550000E+03  0.2901927E+00 -0.5587519E-01  0.2957700E-15 -0.2478875E-14
 0.1560000E+03  0.2952836E+00 -0.5505848E-02 -0.2792004E-14  0.3180592E-15
 0.1570000E+03  0.2917567E+00  0.4496753E-01  0.1296218E-14  0.2222573E-14
 0.1580000E+03  0.2797227E+00  0.9409038E-01  0.2191254E-14 -0.1195220E-14
 0.1590000E+03  0.2595342E+00  0.1404480E+00 -0.1226002E-14 -0.2143973E-14
 0.1600000E+03  0.2317763E+00  0.1827053E+00 -0.2447989E-14  0.1975404E-14
 0.1610000E+03  0.1972497E+00  0.2196447E+00  0.2666980E-14  0.2099809E-14
 0.1620000E+03  0.1569478E+00  0.2502002E+00  0.1396039E-14 -0.2953567E-14
 0.1630000E+03  0.1120292E+00  0.2734875E+00 -0.2832559E-14 -0.9860832E-15
 0.1640000E+03  0.6378426E-01  0.2888293E+00 -0.1009271E-14  0.2366359E-14
 0.1650000E+03  0.1359960E-01  0.2957742E+00  0.2639693E-14  0.1156232E-14
 0.1660000E+03 -0.3708162E-01  0.2941095E+00  0.1876484E-14 -0.2583735E-14
 0.1670000E+03 -0.8680014E-01  0.2838678E+00 -0.3302292E-14 -0.1722334E-14
 0.1680000E+03 -0.1341217E+00  0.2653262E+00 -0.1757695E-14  0.3642449E-14
 0.1690000E+03 -0.1776778E+00  0.2389989E+00  0.3613434E-14  0.1453911E-14
 0.1700000E+03 -0.2162041E+00  0.2056228E+00  0.1397958E-14 -0.3481645E-14
 0.1710000E+03 -0.2485766E+00  0.1661375E+00 -0.2969287E-14 -0.1675371E-14
 0.1720000E+03 -0.2738434E+00  0.1216592E+00 -0.1916492E-14  0.2589744E-14
 0.1730000E+03 -0.2912521E+00  0.7344956E-01  0.2054579E-14  0.2824732E-14
 0.1740000E+03 -0.3002715E+00  0.2288035E-01  0.3146486E-14 -0.1827482E-14
 0.1750000E+03 -0.3006075E+00 -0.2860456E-01 -0.1154835E-14 -0.3915985E-14
 0.1760000E+03 -0.2922115E+00 -0.7952987E-01 -0.4538590E-14  0.7501192E-15
 0.1770000E+03 -0.2752832E+00 -0.1284303E+00  0.6974868E-15  0.4922884E-14
 0.1780000E+03 -0.2502656E+00 -0.1738917E+00  0.4592919E-14  0.5272924E-15
 0.1790000E+03 -0.2178337E+00 -0.2145914E+00  0.1008187E-14 -0.4685648E-14
 0.1800000E+03 -0.1788760E+00 -0.2493354E+00 -0.3838446E-14 -0.1762437E-14
 0.1810000E+03 -0.1344709E+00 -0.2770931E+00 -0.3008099E-14  0.2989658E-14
 0.1820000E+03 -0.8585699E-01 -0.2970261E+00  0.2010657E-14  0.3674918E-14
 0.1830000E+03 -0.3439907E-01 -0.3085137E+00  0.4519546E-14 -0.6098373E-15
 0.1840000E+03  0.1844956E-01 -0.3111708E+00  0.8439436E-15 -0.4497082E-14
 0.1850000E+03  0.7118746E-01 -0.3048600E+00 -0.4538871E-14 -0.2556513E-14
 0.1860000E+03  0.1223069E+00 -0.2896969E+00 -0.3756548E-14  0.3519989E-14
 0.1870000E+03  0.1703362E+00 -0.2660485E+00  0.2436174E-14  0.5046289E-14
 0.1880000E+03  0.2138810E+00 -0.2345238E+00  0.5788625E-14 -0.9142030E-15
 0.1890000E+03  0.2516641E+00 -0.1959590E+00  0.1236276E-14 -0.5693440E-14
 0.1900000E+03  0.2825616E+00 -0.1513947E+00 -0.5254550E-14 -0.3059154E-14
 0.1910000E+03  0.3056356E+00 -0.1020488E+00 -0.4499805E-14  0.3804891E-14
 0.1920000E+03  0.3201618E+00 -0.4928298E-01  0.1498827E-14  0.5483659E-14
 0.1930000E+03  0.3256506E+00  0.5433736E-02  0.5836584E-14  0.6432849E-15
 0.1940000E+03  0.3218632E+00  0.6056568E-01  0.3031579E-14 -0.4695107E-14
 0.1950000E+03  0.3088196E+00  0.1145527E+00 -0.2664448E-14 -0.4632435E-14
 0.1960000E+03  0.2868001E+00  0.1658537E+00 -0.5454377E-14  0.7876301E-16
 0.1970000E+03  0.2563395E+00  0.2129894E+00 -0.2728186E-14  0.4865839E-14
 0.1980000E+03  0.2182143E+00  0.2545844E+00  0.2968420E-14  0.5520215E-14
 0.1990000E+03  0.1734227E+00  0.2894058E+00  0.6675442E-14 -0.3959455E-15
 0.2000000E+03  0.1231593E+00  0.3163992E+00  0.3178762E-14 -0.6728482E-14
 0.2010000E+03  0.6878277E-01  0.3347191E+00 -0.4696721E-14 -0.5908934E-14
 0.2020000E+03  0.1178012E-01  0.3437543E+00 -0.8027840E-14  0.1224965E-14
 0.2030000E+03 -0.4627359E-01  0.3431470E+00 -0.2356273E-14  0.8088999E-14
 0.2040000E+03 -0.1037582E+00  0.3328045E+00  0.6185974E-14  0.5991294E-14
 0.2050000E+03 -0.1590526E+00  0.3129049E+00  0.7909443E-14 -0.2351179E-14
 0.2060000E+03 -0.2105800E+00  0.2838940E+00  0.1646377E-14 -0.7705430E-14
 0.2070000E+03 -0.2568516E+00  0.2464759E+00 -0.4977701E-14 -0.5471183E-14
 0.2080000E+03 -0.2965086E+00  0.2015960E+00 -0.7448262E-14  0.1272794E-14
 0.2090000E+03 -0.3283609E+00  0.1504171E+00 -0.3003391E-14  0.6347801E-14
 0.2100000E+03 -0.3514217E+00  0.9428948E-01  0.3019005E-14  0.6009983E-14
 0.2110000E+03 -0.3649366E+00  0.3471586E-01  0.6612461E-14  0.1770307E-14
 0.2120000E+03 -0.3684066E+00 -0.2668860E-01  0.6342106E-14 -0.4243503E-14
 0.2130000E+03 -0.3616047E+00 -0.8823945E-01  0.2815496E-16 -0.8014633E-14
 0.2140000E+03 -0.3445846E+00 -0.1482284E+00 -0.6503161E-14 -0.5300405E-14
 0.2150000E+03 -0.3176827E+00 -0.2049701E+00 -0.8807757E-14  0.1861425E-14
 0.2160000E+03 -0.2815113E+00 -0.2568482E+00 -0.4011286E-14  0.8509844E-14
 0.2170000E+03 -0.2369453E+00 -0.3023606E+00  0.4666716E-14  0.9411177E-14
 0.2180000E+03 -0.1851010E+00 -0.3401617E+00  0.1100360E-13  0.1707954E-14
 0.2190000E+03 -0.1273082E+00 -0.3691007E+00  0.8420115E-14 -0.8176652E-14
 0.2200000E+03 -0.6507661E-01 -0.3882554E+00 -0.2127402E-14 -0.1191854E-13
 0.2210000E+03 -0.5636312E-04 -0.3969598E+00 -0.1072046E-13 -0.5641156E-14
 0.2220000E+03  0.6600493E-01 -0.3948249E+00 -0.1056229E-13  0.4813398E-14
 0.2230000E+03  0.1313087E+00 -0.3817529E+00 -0.3051821E-14  0.1141658E-13
 0.2240000E+03  0.1940537E+00 -0.3579428E+00  0.6327712E-14  0.9175940E-14
 0.2250000E+03  0.2524846E+00 -0.3238889E+00  0.1123133E-13  0.1481818E-14
 0.2260000E+03  0.3049403E+00 -0.2803706E+00  0.7903072E-14 -0.7433102E-14
 0.2270000E+03  0.3499000E+00 -0.2284347E+00 -0.2803118E-15 -0.1022630E-13
 0.2280000E+03  0.3860255E+00 -0.1693705E+00 -0.7025151E-14 -0.6709502E-14
 0.2290000E+03  0.4122003E+00 -0.1046778E+00 -0.8919269E-14 -0.2478198E-15
 0.2300000E+03  0.4275615E+00 -0.3602934E-01 -0.6982305E-14  0.5464523E-14
 0.2310000E+03  0.4315268E+00  0.3477263E-01 -0.1760276E-14  0.8970591E-14
 0.2320000E+03  0.4238135E+00  0.1058428E+00  0.4601435E-14  0.8228010E-14
 0.2330000E+03  0.4044495E+00  0.1752625E+00  0.9756477E-14  0.3571583E-14
 0.2340000E+03  0.3737765E+00  0.2411307E+00  0.1079575E-13 -0.4366411E-14
 0.2350000E+03  0.3324451E+00  0.3016153E+00  0.4731084E-14 -0.1121830E-13
 0.2360000E+03  0.2814010E+00  0.3550028E+00 -0.4250470E-14 -0.1237388E-13
 0.2370000E+03  0.2218634E+00  0.3997457E+00 -0.1262544E-13 -0.6684652E-14
 0.2380000E+03  0.1552962E+00  0.4345059E+00 -0.1470118E-13  0.4619247E-14
 0.2390000E+03  0.8337198E-01  0.4581927E+00 -0.7635373E-14  0.1412347E-13
 0.2400000E+03  0.7930086E-02  0.4699955E+00  0.4615514E-14  0.1633709E-13
 0.2410000E+03 -0.6906997E-01  0.4694086E+00  0.1540782E-13  0.8607902E-14
 0.2420000E+03 -0.1455990E+00  0.4562488E+00  0.1729277E-13 -0.4872823E-14
 0.2430000E+03 -0.2196112E+00  0.4306639E+00  0.9369727E-14 -0.1501257E-13
 0.2440000E+03 -0.2890976E+00  0.3931338E+00 -0.3422402E-14 -0.1778171E-13
 0.2450000E+03 -0.3521403E+00  0.3444615E+00 -0.1450958E-13 -0.1069384E-13
 0.2460000E+03 -0.4069637E+00  0.2857563E+00 -0.1756432E-13  0.1882280E-14
 0.2470000E+03 -0.4519836E+00  0.2184089E+00 -0.1194712E-13  0.1222233E-13
 0.2480000E+03 -0.4858512E+00  0.1440578E+00 -0.1045415E-14  0.1702093E-13
 0.2490000E+03 -0.5074913E+00  0.6455008E-01  0.9729725E-14  0.1321452E-13
 0.2500000E+03 -0.5161349E+00 -0.1810474E-01  0.1581943E-13  0.4869357E-14
 0.2510000E+03 -0.5113427E+00 -0.1017852E+00  0.1460441E-13 -0.6332066E-14
 0.2520000E+03 -0.4930210E+00 -0.1843117E+00  0.7401927E-14 -0.1401865E-13
 0.2530000E+03 -0.4614291E+00 -0.2635034E+00 -0.3041679E-14 -0.1414157E-13
 0.2540000E+03 -0.4171765E+00 -0.3372341E+00 -0.9092177E-14 -0.9875678E-14
 0.2550000E+03 -0.3612122E+00 -0.4034896E+00 -0.1276244E-13 -0.3387540E-14
 0.2560000E+03 -0.2948040E+00 -0.4604205E+00 -0.1283010E-13  0.3848340E-14
 0.2570000E+03 -0.2195099E+00 -0.5063932E+00 -0.8882724E-14  0.1099234E-13
 0.2580000E+03 -0.1371414E+00 -0.5400349E+00 -0.1412687E-14  0.1410511E-13
 0.2590000E+03 -0.4971985E-01 -0.5602722E+00  0.6669604E-14  0.1345441E-13
 0.2600000E+03  0.4057326E-01 -0.5663635E+00  0.1389096E-13  0.7444698E-14
 0.2610000E+03  0.1314505E+00 -0.5579219E+00  0.1610707E-13 -0.1327682E-14
 0.2620000E+03  0.2205763E+00 -0.5349301E+00  0.1319679E-13 -0.9935727E-14
 0.2630000E+03  0.3056264E+00 -0.4977455E+00  0.6309106E-14 -0.1698134E-13
 0.2640000E+03  0.3843479E+00 -0.4470956E+00 -0.5036867E-14 -0.1881613E-13
 0.2650000E+03  0.4546183E+00 -0.3840646E+00 -0.1567491E-13 -0.1339910E-13
 0.2660000E+03  0.5145012E+00 -0.3100695E+00 -0.2093056E-13 -0.1837768E-14
 0.2670000E+03  0.5622989E+00 -0.2268285E+00 -0.1891816E-13  0.1040486E-13
 0.2680000E+03  0.5965983E+00 -0.1363205E+00 -0.1106604E-13  0.1928838E-13
 0.2690000E+03  0.6163110E+00 -0.4073798E-01  0.1381273E-14  0.2318778E-13
 0.2700000E+03  0.6207052E+00  0.5756629E-01  0.1536533E-13  0.1971331E-13
 0.2710000E+03  0.6094285E+00  0.1561373E+00  0.2417249E-13  0.8139480E-14
 0.2720000E+03  0.5825219E+00  0.2524791E+00  0.2593591E-13 -0.6847708E-14
 0.2730000E+03  0.5404233E+00  0.3441173E+00  0.1799901E-13 -0.2015832E-13
 0.2740000E+03  0.4839618E+00  0.4286630E+00  0.4236929E-14 -0.2774513E-13
 0.2750000E+03  0.4143409E+00  0.5038733E+00 -0.1189774E-13 -0.2691890E-13
 0.2760000E+03  0.3331129E+00  0.5677109E+00 -0.2575180E-13 -0.1516989E-13
 0.2770000E+03  0.2421438E+00  0.6183974E+00 -0.2922487E-13  0.1031286E-14
 0.2780000E+03  0.1435699E+00  0.6544614E+00 -0.2452755E-13  0.1590021E-13
 0.2790000E+03  0.3974725E-01  0.6747797E+00 -0.1264537E-13  0.2699720E-13
 0.2800000E+03 -0.6680506E-01  0.6786089E+00  0.3548437E-14  0.2931092E-13
 0.2810000E+03 -0.1734664E+00  0.6656093E+00  0.1772019E-13  0.2385481E-13
 0.2820000E+03 -0.2775793E+00  0.6358577E+00  0.2866599E-13  0.1146040E-13
 0.2830000E+03 -0.3765152E+00  0.5898502E+00  0.3005642E-13 -0.6707062E-14
 0.2840000E+03 -0.4677412E+00  0.5284950E+00  0.1998653E-13 -0.2022978E-13
 0.2850000E+03 -0.5488841E+00  0.4530937E+00  0.8014473E-14 -0.2512560E-13
 0.2860000E+03 -0.6177913E+00  0.3653139E+00 -0.4046295E-14 -0.2625261E-13
 0.2870000E+03 -0.6725875E+00  0.2671511E+00 -0.1625553E-13 -0.2101118E-13
 0.2880000E+03 -0.7117236E+00  0.1608830E+00 -0.2373367E-13 -0.1045846E-13
 0.2890000E+03 -0.7340194E+00  0.4901559E-01 -0.2616551E-13  0.1583270E-14
 0.2900000E+03 -0.7386967E+00 -0.6577634E-01 -0.2193862E-13  0.1476427E-13
 0.2910000E+03 -0.7254027E+00 -0.1807139E+00 -0.1148933E-13  0.2224125E-13
 0.2920000E+03 -0.6942232E+00 -0.2929820E+00 -0.6712412E-15  0.2311216E-13
 0.2930000E+03 -0.6456850E+00 -0.3997981E+00  0.7751205E-14  0.2145729E-13
 0.2940000E+03 -0.5807476E+00 -0.4984817E+00  0.1714645E-13  0.1698855E-13
 0.2950000E+03 -0.5007836E+00 -0.5865216E+00  0.2356733E-13  0.6927951E-14
 0.2960000E+03 -0.4075489E+00 -0.6616388E+00  0.2306846E-13 -0.4925137E-14
 0.2970000E+03 -0.3031435E+00 -0.7218456E+00  0.1846020E-13 -0.1294896E-13
 0.2980000E+03 -0.1899629E+00 -0.7654967E+00  0.1192281E-13 -0.1906567E-13
 0.2990000E+03 -0.7064257E-01 -0.7913328E+00  0.3685126E-14 -0.2317799E-13
 0.3000000E+03  0.5200520E-01 -0.7985155E+00 -0.6292076E-14 -0.2299018E-13
 0.3010000E+03  0.1750578E+00 -0.7866510E+00 -0.1498836E-13 -0.1865838E-13
 0.3020000E+03  0.2955533E+00 -0.7558044E+00 -0.2238686E-13 -0.1170659E-13
 0.3030000E+03  0.4105618E+00 -0.7065014E+00 -0.2725731E-13 -0.1183530E-14
 0.3040000E+03  0.5172581E+00 -0.6397200E+00 -0.2473892E-13  0.1140140E-13
 0.3050000E+03  0.6129905E+00 -0.5568701E+00 -0.1742575E-13  0.2059212E-13
 0.3060000E+03  0.6953471E+00 -0.4597631E+00 -0.7948099E-14  0.2518059E-13
 0.3070000E+03  0.7622165E+00 -0.3505706E+00  0.1267991E-14  0.2653248E-13
 0.3080000E+03  0.8118411E+00 -0.2317752E+00  0.1168218E-13  0.2641691E-13
 0.3090000E+03  0.8428628E+00 -0.1061119E+00  0.2247515E-13  0.2036157E-13
 0.3100000E+03  0.8543582E+00  0.2349541E-01  0.3120041E-13  0.1048352E-13
 0.3110000E+03  0.8458650E+00  0.1540041E+00  0.3457125E-13 -0.3269413E-14
 0.3120000E+03  0.8173957E+00  0.2823248E+00  0.3127885E-13 -0.1905006E-13
 0.3130000E+03  0.7694409E+00  0.4053962E+00  0.2095281E-13 -0.3124243E-13
 0.3140000E+03  0.7029605E+00  0.5202586E+00  0.6579256E-14 -0.3718158E-13
 0.3150000E+03  0.6193638E+00  0.6241261E+00 -0.8870946E-14 -0.3899970E-13
 0.3160000E+03  0.5204782E+00  0.7144546E+00 -0.2482837E-13 -0.3246755E-13
 0.3170000E+03  0.4085080E+00  0.7890043E+00 -0.3645268E-13 -0.2035549E-13
 0.3180000E+03  0.2859834E+00  0.8458957E+00 -0.4293020E-13 -0.5058389E-14
 0.3190000E+03  0.1557019E+00  0.8836561E+00 -0.4355300E-13  0.1346316E-13
 0.3200000E+03  0.2066265E-01  0.9012572E+00 -0.3621463E-13  0.3095735E-13
 0.3210000E+03 -0.1160044E+00  0.8981425E+00 -0.2062951E-13  0.4522536E-13
 0.3220000E+03 -0.2511127E+00  0.8742421E+00  0.4912718E-15  0.5141727E-13
 0.3230000E+03 -0.3814948E+00  0.8299774E+00  0.2252465E-13  0.4636853E-13
 0.3240000E+03 -0.5040782E+00  0.7662527E+00  0.3827461E-13  0.3315724E-13
 0.3250000E+03 -0.6159590E+00  0.6844360E+00  0.4778408E-13  0.1543753E-13
 0.3260000E+03 -0.7144717E+00  0.5863278E+00  0.5064322E-13 -0.3912134E-14
 0.3270000E+03 -0.7972536E+00  0.4741204E+00  0.4574812E-13 -0.2265965E-13
 0.3280000E+03 -0.8623020E+00  0.3503467E+00  0.3408121E-13 -0.3881408E-13
 0.3290000E+03 -0.9080229E+00  0.2178212E+00  0.1719307E-13 -0.4947081E-13
 0.3300000E+03 -0.9332701E+00  0.7957408E-01 -0.3187044E-14 -0.5281102E-13
 0.3310000E+03 -0.9373737E+00 -0.6122043E-01 -0.2269217E-13 -0.4773891E-13
 0.3320000E+03 -0.9201570E+00 -0.2013186E+00 -0.3884332E-13 -0.3580109E-13
 0.3330000E+03 -0.8819418E+00 -0.3374840E+00 -0.4933977E-13 -0.1983907E-13
 0.3340000E+03 -0.8235416E+00 -0.4665645E+00 -0.5385722E-13  0.4131081E-15
 0.3350000E+03 -0.7462435E+00 -0.5855664E+00 -0.5030416E-13  0.2049286E-13
 0.3360000E+03 -0.6517780E+00 -0.6917261E+00 -0.3825231E-13  0.3757422E-13
 0.3370000E+03 -0.5422788E+00 -0.7825751E+00 -0.2131194E-13  0.4774250E-13
 0.3380000E+03 -0.4202324E+00 -0.8559989E+00 -0.2536516E-14  0.5144347E-13
 0.3390000E+03 -0.2884201E+00 -0.9102869E+00  0.1444801E-13  0.4783777E-13
 0.3400000E+03 -0.1498520E+00 -0.9441730E+00  0.2858365E-13  0.3866106E-13
 0.3410000E+03 -0.7696089E-02 -0.9568653E+00  0.3813741E-13  0.2889351E-13
 0.3420000E+03  0.1347963E+00 -0.9480648E+00  0.4636838E-13  0.1586713E-13
 0.3430000E+03  0.2743674E+00 -0.9179717E+00  0.5134931E-13  0.2837728E-16
 0.3440000E+03  0.4078298E+00 -0.8672807E+00  0.4926037E-13 -0.1914334E-13
 0.3450000E+03  0.5321411E+00 -0.7971639E+00  0.3914310E-13 -0.3524748E-13
 0.3460000E+03  0.6444755E+00 -0.7092422E+00  0.2423465E-13 -0.4491199E-13
 0.3470000E+03  0.7422902E+00 -0.6055466E+00  0.8570791E-14 -0.5065778E-13
 0.3480000E+03  0.8233839E+00 -0.4884694E+00 -0.8496644E-14 -0.5065523E-13
 0.3490000E+03  0.8859483E+00 -0.3607070E+00 -0.2267610E-13 -0.4492757E-13
 0.3500000E+03  0.9286096E+00 -0.2251960E+00 -0.3681280E-13 -0.3661564E-13
 0.3510000E+03  0.9504590E+00 -0.8504275E-01 -0.4695083E-13 -0.2338635E-13
 0.3520000E+03  0.9510728E+00  0.5654965E-01 -0.5341123E-13 -0.7448997E-14
 0.3530000E+03  0.9305206E+00  0.1963574E+00 -0.5484068E-13  0.1024466E-13
 0.3540000E+03  0.8893615E+00  0.3312116E+00 -0.4835942E-13  0.2981664E-13
 0.3550000E+03  0.8286290E+00  0.4580730E+00 -0.3438246E-13  0.4486184E-13
 0.3560000E+03  0.7498041E+00  0.5741022E+00 -0.1765877E-13  0.5177989E-13
 0.3570000E+03  0.6547790E+00  0.6767260E+00  0.3000380E-15  0.5337942E-13
 0.3580000E+03  0.5458094E+00  0.7636961E+00  0.1538652E-13  0.4996275E-13
 0.3590000E+03  0.4254603E+00  0.8331406E+00  0.3039364E-13  0.4330650E-13
 0.3600000E+03  0.2965431E+00  0.8836053E+00  0.4217794E-13  0.3190685E-13
 0.3610000E+03  0.1620483E+00  0.9140857E+00  0.4936923E-13  0.1561171E-13
 0.3620000E+03  0.2507367E-01  0.9240474E+00  0.5085453E-13 -0.1602932E-15
 0.3630000E+03 -0.1112494E+00  0.9134356E+00  0.4716386E-13 -0.1477093E-13
 0.3640000E+03 -0.2438298E+00  0.8826729E+00  0.3973413E-13 -0.2803623E-13
 0.3650000E+03 -0.3696899E+00  0.8326454E+00  0.2863553E-13 -0.3759511E-13
 0.3660000E+03 -0.4860339E+00  0.7646784E+00  0.1504763E-13 -0.4263309E-13
 0.3670000E+03 -0.5903133E+00  0.6805016E+00  0.2840738E-14 -0.4237372E-13
 0.3680000E+03 -0.6802844E+00  0.5822041E+00 -0.8376594E-14 -0.3859036E-13
 0.3690000E+03 -0.7540586E+00  0.4721826E+00 -0.1526276E-13 -0.3393843E-13
 0.3700000E+03 -0.8101443E+00  0.3530811E+00 -0.2004942E-13 -0.2935755E-13
 0.3710000E+03 -0.8474778E+00  0.2277266E+00 -0.2597308E-13 -0.2726280E-13
 0.3720000E+03 -0.8654445E+00  0.9905960E-01 -0.3394880E-13 -0.2279035E-13
 0.3730000E+03 -0.8638890E+00 -0.2993637E-01 -0.4245428E-13 -0.1367364E-13
 0.3740000E+03 -0.8431137E+00 -0.1563063E+00 -0.4579784E-13 -0.7400228E-16
 0.3750000E+03 -0.8038666E+00 -0.2771934E+00 -0.4563774E-13  0.1281349E-13
 0.3760000E+03 -0.7473185E+00 -0.3899063E+00 -0.4001140E-13  0.2655922E-13
 0.3770000E+03 -0.6750303E+00 -0.4919810E+00 -0.3113134E-13  0.3590669E-13
 0.3780000E+03 -0.5889110E+00 -0.5812373E+00 -0.2020842E-13  0.4226264E-13
 0.3790000E+03 -0.4911678E+00 -0.6558267E+00 -0.1024949E-13  0.4616313E-13
 0.3800000E+03 -0.3842496E+00 -0.7142735E+00  0.1206804E-14  0.4804739E-13
 0.3810000E+03 -0.2707851E+00 -0.7555043E+00  0.1453496E-13  0.4916076E-13
 0.3820000E+03 -0.1535175E+00 -0.7788692E+00  0.2827302E-13  0.4383220E-13
 0.3830000E+03 -0.3523703E-01 -0.7841513E+00  0.4016272E-13  0.3558173E-13
 0.3840000E+03  0.8128726E-01 -0.7715660E+00  0.4899745E-13  0.2136891E-13
 0.3850000E+03  0.1933735E+00 -0.7417499E+00  0.5079449E-13  0.9020814E-14
 0.3860000E+03  0.2984906E+00 -0.6957392E+00  0.5219636E-13 -0.4753648E-14
 0.3870000E+03  0.3943177E+00 -0.6349385E+00  0.4962240E-13 -0.1692446E-13
 0.3880000E+03  0.4787968E+00 -0.5610817E+00  0.4319104E-13 -0.2958630E-13
 0.3890000E+03  0.5501791E+00 -0.4761843E+00  0.3405564E-13 -0.3806999E-13
 0.3900000E+03  0.6070626E+00 -0.3824906E+00  0.2506789E-13 -0.4415509E-13
 0.3910000E+03  0.6484208E+00 -0.2824147E+00  0.1474838E-13 -0.4787002E-13
 0.3920000E+03  0.6736219E+00 -0.1784789E+00  0.5879072E-14 -0.5168998E-13
 0.3930000E+03  0.6824378E+00 -0.7325040E-01 -0.6097280E-14 -0.5366303E-13
 0.3940000E+03  0.6750428E+00  0.3072295E-01 -0.1837730E-13 -0.5420701E-13
 0.3950000E+03  0.6520029E+00  0.1309747E+00 -0.3231823E-13 -0.5054822E-13
 0.3960000E+03  0.6142549E+00  0.2251793E+00 -0.4617538E-13 -0.4341609E-13
 0.3970000E+03  0.5630768E+00  0.3112077E+00 -0.5836365E-13 -0.3246277E-13
 0.3980000E+03  0.5000501E+00  0.3871760E+00 -0.6795498E-13 -0.1693603E-13
 0.3990000E+03  0.4270157E+00  0.4514885E+00 -0.7480991E-13  0.2533621E-14
 0.4000000E+03  0.3460222E+00  0.5028723E+00 -0.7148072E-13  0.2477016E-13
 0.4010000E+03  0.2592722E+00  0.5404030E+00 -0.6311120E-13  0.4426851E-13
 0.4020000E+03  0.1690632E+00  0.5635220E+00 -0.4674284E-13  0.6035498E-13
 0.4030000E+03  0.7772894E-01  0.5720432E+00 -0.2937969E-13  0.6638112E-13
 0.4040000E+03 -0.1242086E-01  0.5661515E+00 -0.1316611E-13  0.7039335E-13
 0.4050000E+03 -0.9915790E-01  0.5463909E+00  0.2545771E-14  0.7137213E-13
 0.4060000E+03 -0.1803906E+00  0.5136438E+00  0.1851854E-13  0.6917016E-13
 0.4070000E+03 -0.2542145E+00  0.4691025E+00  0.3304059E-13  0.6344936E-13
 0.4080000E+03 -0.3189577E+00  0.4142328E+00  0.4620328E-13  0.5656706E-13
 0.4090000E+03 -0.3732189E+00  0.3507314E+00  0.5989154E-13  0.4545492E-13
 0.4100000E+03 -0.4158982E+00  0.2804775E+00  0.6905349E-13  0.3112707E-13
 0.4110000E+03 -0.4462201E+00  0.2054817E+00  0.7644787E-13  0.1505119E-13
 0.4120000E+03 -0.4637468E+00  0.1278309E+00  0.7755863E-13 -0.3586090E-14
 0.4130000E+03 -0.4683836E+00  0.4963328E-01  0.7767437E-13 -0.1985056E-13
 0.4140000E+03 -0.4603745E+00 -0.2703743E-01  0.7192154E-13 -0.3827750E-13
 0.4150000E+03 -0.4402893E+00 -0.1001949E+00  0.6273107E-13 -0.5298030E-13
 0.4160000E+03 -0.4090032E+00 -0.1679908E+00  0.5194846E-13 -0.6797046E-13
 0.4170000E+03 -0.3676674E+00 -0.2287602E+00  0.3546761E-13 -0.8030903E-13
 0.4180000E+03 -0.3176735E+00 -0.2810627E+00  0.1706809E-13 -0.8828298E-13
 0.4190000E+03 -0.2606132E+00 -0.3237153E+00 -0.4356193E-14 -0.9393870E-13
 0.4200000E+03 -0.1982313E+00 -0.3558199E+00 -0.2854628E-13 -0.9113036E-13
 0.4210000E+03 -0.1323775E+00 -0.3767813E+00 -0.5113401E-13 -0.8279005E-13
 0.4220000E+03 -0.6495468E-01 -0.3863174E+00 -0.7014418E-13 -0.6726155E-13
 0.4230000E+03  0.2132612E-02 -0.3844617E+00 -0.8307324E-13 -0.4784972E-13
 0.4240000E+03  0.6702942E-01 -0.3715559E+00 -0.9120796E-13 -0.2703239E-13
 0.4250000E+03  0.1279792E+00 -0.3482359E+00 -0.9210999E-13 -0.5540309E-14
 0.4260000E+03  0.1833693E+00 -0.3154096E+00 -0.9016412E-13  0.1277280E-13
 0.4270000E+03  0.2317723E+00 -0.2742270E+00 -0.8495525E-13  0.3110265E-13
 0.4280000E+03  0.2719812E+00 -0.2260457E+00 -0.7633828E-13  0.4561632E-13
 0.4290000E+03  0.3030384E+00 -0.1723899E+00 -0.6869220E-13  0.6109116E-13
 0.4300000E+03  0.3242583E+00 -0.1149069E+00 -0.5444350E-13  0.7661769E-13
 0.4310000E+03  0.3352408E+00 -0.5531950E-01 -0.3738396E-13  0.8560252E-13
 0.4320000E+03  0.3358784E+00  0.4621871E-02 -0.1999080E-13  0.9359065E-13
 0.4330000E+03  0.3263539E+00  0.6318763E-01  0.1925315E-14  0.9804918E-13
 0.4340000E+03  0.3071314E+00  0.1187163E+00  0.2397047E-13  0.9455004E-13
 0.4350000E+03  0.2789393E+00  0.1696591E+00  0.4368302E-13  0.8743223E-13
 0.4360000E+03  0.2427461E+00  0.2146211E+00  0.6131349E-13  0.7413377E-13
 0.4370000E+03  0.1997307E+00  0.2523975E+00  0.7372644E-13  0.5877493E-13
 0.4380000E+03  0.1512462E+00  0.2820042E+00  0.8216772E-13  0.4333803E-13
 0.4390000E+03  0.9878076E-01  0.3027024E+00  0.8885797E-13  0.2698108E-13
 0.4400000E+03  0.4391391E-01  0.3140154E+00  0.9197303E-13  0.9261067E-14
 0.4410000E+03 -0.1172821E-01  0.3157389E+00  0.9121983E-13 -0.8896588E-14
 0.4420000E+03 -0.6651876E-01  0.3079431E+00  0.8656544E-13 -0.2511563E-13
 0.4430000E+03 -0.1188756E+00  0.2909675E+00  0.8100101E-13 -0.3927836E-13
 0.4440000E+03 -0.1673049E+00  0.2654080E+00  0.7418360E-13 -0.5371427E-13
 0.4450000E+03 -0.2104418E+00  0.2320977E+00  0.6317081E-13 -0.6689920E-13
 0.4460000E+03 -0.2470874E+00  0.1920808E+00  0.5125479E-13 -0.7727394E-13
 0.4470000E+03 -0.2762401E+00  0.1465812E+00  0.3559949E-13 -0.8772978E-13
 0.4480000E+03 -0.2971220E+00  0.9696595E-01  0.1860301E-13 -0.9113006E-13
 0.4490000E+03 -0.3091986E+00  0.4470606E-01  0.5165815E-14 -0.9311725E-13
 0.4500000E+03 -0.3121910E+00 -0.8666172E-02 -0.1019693E-13 -0.9611763E-13
 0.4510000E+03 -0.3060817E+00 -0.6160063E-01 -0.2798753E-13 -0.9614711E-13
 0.4520000E+03 -0.2911127E+00 -0.1125731E+00 -0.4598304E-13 -0.9353946E-13
 0.4530000E+03 -0.2677763E+00 -0.1601280E+00 -0.6689355E-13 -0.8738520E-13
 0.4540000E+03 -0.2367995E+00 -0.2029186E+00 -0.8679414E-13 -0.7301209E-13
 0.4550000E+03 -0.1991212E+00 -0.2397443E+00 -0.1012207E-12 -0.5348374E-13
 0.4560000E+03 -0.1558643E+00 -0.2695833E+00 -0.1112079E-12 -0.3343321E-13
 0.4570000E+03 -0.1083032E+00 -0.2916199E+00 -0.1179678E-12 -0.9632880E-14
 0.4580000E+03 -0.5782614E-01 -0.3052662E+00 -0.1152096E-12  0.1451245E-13
 0.4590000E+03 -0.5895549E-02 -0.3101769E+00 -0.1105160E-12  0.3362213E-13
 0.4600000E+03  0.4599364E-01 -0.3062577E+00 -0.1045685E-12  0.5387776E-13
 0.4610000E+03  0.9635649E-01 -0.2936664E+00 -0.9398430E-13  0.7259749E-13
 0.4620000E+03  0.1437599E+00 -0.2728069E+00 -0.8135796E-13  0.8913181E-13
 0.4630000E+03  0.1868626E+00 -0.2443167E+00 -0.6563211E-13  0.1056883E-12
 0.4640000E+03  0.2244527E+00 -0.2090470E+00 -0.4523642E-13  0.1193212E-12
 0.4650000E+03  0.2554811E+00 -0.1680385E+00 -0.2112223E-13  0.1307414E-12
 0.4660000E+03  0.2790906E+00 -0.1224899E+00  0.8495632E-14  0.1346035E-12
 0.4670000E+03  0.2946389E+00 -0.7372460E-01  0.3842582E-13  0.1288199E-12
 0.4680000E+03  0.3017165E+00 -0.2315174E-01  0.6240043E-13  0.1163108E-12
 0.4690000E+03  0.3001564E+00  0.2777335E-01  0.8308727E-13  0.9890669E-13
 0.4700000E+03  0.2900388E+00  0.7759064E-01  0.9823591E-13  0.7985625E-13
 0.4710000E+03  0.2716874E+00  0.1248767E+00  0.1084279E-12  0.5795296E-13
 0.4720000E+03  0.2456596E+00  0.1682849E+00  0.1137247E-12  0.3802620E-13
 0.4730000E+03  0.2127302E+00  0.2065832E+00  0.1174378E-12  0.1704958E-13
 0.4740000E+03  0.1738686E+00  0.2386887E+00  0.1148722E-12 -0.3707347E-14
 0.4750000E+03  0.1302112E+00  0.2636981E+00  0.1085396E-12 -0.2093802E-13
 0.4760000E+03  0.8302872E-01  0.2809124E+00  0.1037171E-12 -0.3425000E-13
 0.4770000E+03  0.3369013E-01  0.2898567E+00  0.9780381E-13 -0.4966306E-13
 0.4780000E+03 -0.1637648E-01  0.2902931E+00  0.8851945E-13 -0.6451298E-13
 0.4790000E+03 -0.6572426E-01  0.2822270E+00  0.7895371E-13 -0.7696491E-13
 0.4800000E+03 -0.1129287E+00  0.2659068E+00  0.6557418E-13 -0.9064815E-13
 0.4810000E+03 -0.1566277E+00  0.2418165E+00  0.4793386E-13 -0.9839573E-13
 0.4820000E+03 -0.1955603E+00  0.2106621E+00  0.3294494E-13 -0.1029566E-12
 0.4830000E+03 -0.2286023E+00  0.1733512E+00  0.1952677E-13 -0.1053446E-12
 0.4840000E+03 -0.2547979E+00  0.1309676E+00  0.5695635E-14 -0.1094371E-12
 0.4850000E+03 -0.2733868E+00  0.8474029E-01 -0.1005490E-13 -0.1111482E-12
 0.4860000E+03 -0.2838257E+00  0.3600896E-01 -0.2639405E-13 -0.1131379E-12
 0.4870000E+03 -0.2858042E+00 -0.1381397E-01 -0.4715590E-13 -0.1107677E-12
 0.4880000E+03 -0.2792534E+00 -0.6328318E-01 -0.6713571E-13 -0.1035444E-12
 0.4890000E+03 -0.2643480E+00 -0.1109613E+00 -0.8521793E-13 -0.9247314E-13
 0.4900000E+03 -0.2415024E+00 -0.1554595E+00 -0.1019604E-12 -0.7740816E-13
 0.4910000E+03 -0.2113584E+00 -0.1954770E+00 -0.1144510E-12 -0.5832356E-13
 0.4920000E+03 -0.1747682E+00 -0.2298380E+00 -0.1230425E-12 -0.3771040E-13
 0.4930000E+03 -0.1327704E+00 -0.2575248E+00 -0.1261434E-12 -0.1780417E-13
 0.4940000E+03 -0.8656132E-01 -0.2777075E+00 -0.1292812E-12  0.8031781E-15
 0.4950000E+03 -0.3746132E-01 -0.2897675E+00 -0.1295528E-12  0.2241832E-13
 0.4960000E+03  0.1312176E-01 -0.2933159E+00 -0.1247120E-12  0.4374040E-13
 0.4970000E+03  0.6373227E-01 -0.2882046E+00 -0.1180603E-12  0.6348589E-13
 0.4980000E+03  0.1129076E+00 -0.2745323E+00 -0.1091405E-12  0.8341202E-13
 0.4990000E+03  0.1592193E+00 -0.2526413E+00 -0.9410874E-13  0.1051096E-12
 0.5000000E+03  0.2013138E+00 -0.2231100E+00 -0.7172954E-13  0.1206911E-12
