 0.1000000E+00  0.1815572E-04
 0.1096774E+00  0.3229762E-05
 0.1193548E+00  0.1020866E-05
 0.1290323E+00  0.8540079E-05
 0.1387097E+00  0.2537058E-06
 0.1483871E+00  0.1005328E-05
 0.1580645E+00  0.5331853E-06
 0.1677419E+00  0.2922261E-05
 0.1774194E+00  0.7253309E-07
 0.1870968E+00  0.1612179E-05
 0.1967742E+00  0.1524983E-04
 0.2064516E+00  0.2342736E-05
 0.2161290E+00  0.8908263E-06
 0.2258065E+00  0.1723647E-05
 0.2354839E+00  0.1224979E-05
 0.2451613E+00  0.1388753E-05
 0.2548387E+00  0.3063002E-06
 0.2645161E+00  0.1101660E-05
 0.2741935E+00  0.9868691E-07
 0.2838710E+00  0.8663066E-06
 0.2935484E+00  0.1086138E-05
 0.3032258E+00  0.1305595E-05
 0.3129032E+00  0.2340516E-05
 0.3225806E+00  0.6431676E-06
 0.3322581E+00  0.2887919E-05
 0.3419355E+00  0.4313164E-05
 0.3516129E+00  0.5699290E-06
 0.3612903E+00  0.5960769E-06
 0.3709677E+00  0.2186245E-05
 0.3806452E+00  0.2054769E-06
 0.3903226E+00  0.4885921E-07
 0.4000000E+00  0.1044016E-05
 0.4096774E+00  0.3893698E-06
 0.4193548E+00  0.6812735E-06
 0.4290323E+00  0.1691075E-06
 0.4387097E+00  0.2236912E-05
 0.4483871E+00  0.1185142E-05
 0.4580645E+00  0.1247035E-05
 0.4677419E+00  0.1314506E-05
 0.4774194E+00  0.2924126E-05
 0.4870968E+00  0.2633079E-05
 0.4967742E+00  0.2801896E-05
 0.5064516E+00  0.1229931E-06
 0.5161290E+00  0.2810906E-06
 0.5258065E+00  0.1398863E-05
 0.5354839E+00  0.1994982E-05
 0.5451613E+00  0.1523765E-05
 0.5548387E+00  0.4469884E-06
 0.5645161E+00  0.8707550E-07
 0.5741935E+00  0.1416967E-05
 0.5838710E+00  0.4568148E-05
 0.5935484E+00  0.2538301E-05
 0.6032258E+00  0.1631389E-05
 0.6129032E+00  0.2172392E-05
 0.6225806E+00  0.1555897E-04
 0.6322581E+00  0.6019670E-05
 0.6419355E+00  0.9521892E-05
 0.6516129E+00  0.6951074E-05
 0.6612903E+00  0.3570881E-04
 0.6709677E+00  0.2985360E-04
 0.6806452E+00  0.5013791E-04
 0.6903226E+00  0.5670374E-04
 0.7000000E+00  0.1114368E-03
 0.7096774E+00  0.1755041E-03
 0.7193548E+00  0.2142393E-03
 0.7290323E+00  0.2840823E-03
 0.7387097E+00  0.4306372E-03
 0.7483871E+00  0.6493945E-03
 0.7580645E+00  0.7528010E-03
 0.7677419E+00  0.1043264E-02
 0.7774194E+00  0.1292721E-02
 0.7870968E+00  0.1852762E-02
 0.7967742E+00  0.2166459E-02
 0.8064516E+00  0.2771710E-02
 0.8161290E+00  0.3257181E-02
 0.8258065E+00  0.4346829E-02
 0.8354839E+00  0.5074142E-02
 0.8451613E+00  0.5977909E-02
 0.8548387E+00  0.7071624E-02
 0.8645161E+00  0.8520965E-02
 0.8741935E+00  0.9862276E-02
 0.8838710E+00  0.1110155E-01
 0.8935484E+00  0.1259574E-01
 0.9032258E+00  0.1408888E-01
 0.9129032E+00  0.1601949E-01
 0.9225806E+00  0.1684205E-01
 0.9322581E+00  0.1823161E-01
 0.9419355E+00  0.1915802E-01
 0.9516129E+00  0.2058271E-01
 0.9612903E+00  0.2036147E-01
 0.9709677E+00  0.2073565E-01
 0.9806452E+00  0.2031256E-01
 0.9903226E+00  0.2017222E-01
 0.1000000E+01  0.1892703E-01
 0.1009677E+01  0.1753153E-01
 0.1019355E+01  0.1592753E-01
 0.1029032E+01  0.1442894E-01
 0.1038710E+01  0.1263621E-01
 0.1048387E+01  0.1050144E-01
 0.1058065E+01  0.9055661E-02
 0.1067742E+01  0.7640735E-02
 0.1077419E+01  0.6997969E-02
 0.1087097E+01  0.6605699E-02
 0.1096774E+01  0.7058913E-02
 0.1106452E+01  0.8942961E-02
 0.1116129E+01  0.1086315E-01
 0.1125806E+01  0.1523308E-01
 0.1135484E+01  0.2031417E-01
 0.1145161E+01  0.2627389E-01
 0.1154839E+01  0.3391766E-01
 0.1164516E+01  0.4355967E-01
 0.1174194E+01  0.5371148E-01
 0.1183871E+01  0.6534157E-01
 0.1193548E+01  0.7788471E-01
 0.1203226E+01  0.9197205E-01
 0.1212903E+01  0.1073241E+00
 0.1222581E+01  0.1238484E+00
 0.1232258E+01  0.1398819E+00
 0.1241935E+01  0.1576200E+00
 0.1251613E+01  0.1798161E+00
 0.1261290E+01  0.1968406E+00
 0.1270968E+01  0.2198207E+00
 0.1280645E+01  0.2412168E+00
 0.1290323E+01  0.2656021E+00
 0.1300000E+01  0.2897118E+00
 0.1309677E+01  0.3149182E+00
 0.1319355E+01  0.3396154E+00
 0.1329032E+01  0.3673635E+00
 0.1338710E+01  0.3952150E+00
 0.1348387E+01  0.4207872E+00
 0.1358065E+01  0.4467929E+00
 0.1367742E+01  0.4773149E+00
 0.1377419E+01  0.5017600E+00
 0.1387097E+01  0.5278500E+00
 0.1396774E+01  0.5546410E+00
 0.1406452E+01  0.5764661E+00
 0.1416129E+01  0.6046059E+00
 0.1425806E+01  0.6249602E+00
 0.1435484E+01  0.6473902E+00
 0.1445161E+01  0.6685960E+00
 0.1454839E+01  0.6936918E+00
 0.1464516E+01  0.7125363E+00
 0.1474194E+01  0.7337978E+00
 0.1483871E+01  0.7585553E+00
 0.1493548E+01  0.7824628E+00
 0.1503226E+01  0.8076511E+00
 0.1512903E+01  0.8371300E+00
 0.1522581E+01  0.8635755E+00
 0.1532258E+01  0.9005690E+00
 0.1541935E+01  0.9387937E+00
 0.1551613E+01  0.9731395E+00
 0.1561290E+01  0.1019941E+01
 0.1570968E+01  0.1066010E+01
 0.1580645E+01  0.1119522E+01
 0.1590323E+01  0.1167668E+01
 0.1600000E+01  0.1227618E+01
 0.1609677E+01  0.1282436E+01
 0.1619355E+01  0.1345610E+01
 0.1629032E+01  0.1405327E+01
 0.1638710E+01  0.1461571E+01
 0.1648387E+01  0.1521847E+01
 0.1658065E+01  0.1585102E+01
 0.1667742E+01  0.1634322E+01
 0.1677419E+01  0.1687310E+01
 0.1687097E+01  0.1737559E+01
 0.1696774E+01  0.1781324E+01
 0.1706452E+01  0.1824873E+01
 0.1716129E+01  0.1856242E+01
 0.1725806E+01  0.1889954E+01
 0.1735484E+01  0.1914260E+01
 0.1745161E+01  0.1944236E+01
 0.1754839E+01  0.1951125E+01
 0.1764516E+01  0.1966944E+01
 0.1774194E+01  0.1977281E+01
 0.1783871E+01  0.1978542E+01
 0.1793548E+01  0.1974806E+01
 0.1803226E+01  0.1970027E+01
 0.1812903E+01  0.1955031E+01
 0.1822581E+01  0.1944252E+01
 0.1832258E+01  0.1921122E+01
 0.1841935E+01  0.1892567E+01
 0.1851613E+01  0.1864416E+01
 0.1861290E+01  0.1833305E+01
 0.1870968E+01  0.1792773E+01
 0.1880645E+01  0.1745533E+01
 0.1890323E+01  0.1706464E+01
 0.1900000E+01  0.1650609E+01
 0.1909677E+01  0.1601568E+01
 0.1919355E+01  0.1542754E+01
 0.1929032E+01  0.1481403E+01
 0.1938710E+01  0.1422319E+01
 0.1948387E+01  0.1360091E+01
 0.1958065E+01  0.1288865E+01
 0.1967742E+01  0.1223161E+01
 0.1977419E+01  0.1155834E+01
 0.1987097E+01  0.1086429E+01
 0.1996774E+01  0.1014636E+01
 0.2006452E+01  0.9479679E+00
 0.2016129E+01  0.8776809E+00
 0.2025806E+01  0.8123997E+00
 0.2035484E+01  0.7490757E+00
 0.2045161E+01  0.6816943E+00
 0.2054839E+01  0.6251501E+00
 0.2064516E+01  0.5684122E+00
 0.2074194E+01  0.5131891E+00
 0.2083871E+01  0.4623164E+00
 0.2093548E+01  0.4163769E+00
 0.2103226E+01  0.3722299E+00
 0.2112903E+01  0.3325121E+00
 0.2122581E+01  0.2958120E+00
 0.2132258E+01  0.2618558E+00
 0.2141935E+01  0.2320760E+00
 0.2151613E+01  0.2066024E+00
 0.2161290E+01  0.1800948E+00
 0.2170968E+01  0.1599792E+00
 0.2180645E+01  0.1412234E+00
 0.2190323E+01  0.1244016E+00
 0.2200000E+01  0.1099690E+00
 0.2209677E+01  0.9762074E-01
 0.2219355E+01  0.8663016E-01
 0.2229032E+01  0.7764150E-01
 0.2238710E+01  0.6969940E-01
 0.2248387E+01  0.6259221E-01
 0.2258065E+01  0.5673937E-01
 0.2267742E+01  0.5207995E-01
 0.2277419E+01  0.4703087E-01
 0.2287097E+01  0.4329819E-01
 0.2296774E+01  0.3989353E-01
 0.2306452E+01  0.3631448E-01
 0.2316129E+01  0.3379564E-01
 0.2325806E+01  0.3051959E-01
 0.2335484E+01  0.2849546E-01
 0.2345161E+01  0.2559460E-01
 0.2354839E+01  0.2375053E-01
 0.2364516E+01  0.2120054E-01
 0.2374194E+01  0.1945611E-01
 0.2383871E+01  0.1748531E-01
 0.2393548E+01  0.1567239E-01
 0.2403226E+01  0.1392350E-01
 0.2412903E+01  0.1250067E-01
 0.2422581E+01  0.1084631E-01
 0.2432258E+01  0.9650534E-02
 0.2441935E+01  0.8250789E-02
 0.2451613E+01  0.7065047E-02
 0.2461290E+01  0.6125793E-02
 0.2470968E+01  0.5063742E-02
 0.2480645E+01  0.4321008E-02
 0.2490323E+01  0.3396939E-02
 0.2500000E+01  0.2969719E-02
 0.2509677E+01  0.2261353E-02
 0.2519355E+01  0.1877618E-02
 0.2529032E+01  0.1477319E-02
 0.2538710E+01  0.1078956E-02
 0.2548387E+01  0.8990099E-03
 0.2558065E+01  0.7394106E-03
 0.2567742E+01  0.4911498E-03
 0.2577419E+01  0.3953519E-03
 0.2587097E+01  0.3966189E-03
 0.2596774E+01  0.2969738E-03
 0.2606452E+01  0.3332588E-03
 0.2616129E+01  0.3150536E-03
 0.2625806E+01  0.3138065E-03
 0.2635484E+01  0.4295217E-03
 0.2645161E+01  0.4155356E-03
 0.2654839E+01  0.5273721E-03
 0.2664516E+01  0.4838465E-03
 0.2674194E+01  0.6274678E-03
 0.2683871E+01  0.6414436E-03
 0.2693548E+01  0.7001267E-03
 0.2703226E+01  0.7254260E-03
 0.2712903E+01  0.7905700E-03
 0.2722581E+01  0.8091009E-03
 0.2732258E+01  0.8666421E-03
 0.2741935E+01  0.9217532E-03
 0.2751613E+01  0.9172319E-03
 0.2761290E+01  0.9102906E-03
 0.2770968E+01  0.9937655E-03
 0.2780645E+01  0.1043612E-02
 0.2790323E+01  0.9255286E-03
 0.2800000E+01  0.1034605E-02
 0.2809677E+01  0.9805182E-03
 0.2819355E+01  0.9791450E-03
 0.2829032E+01  0.1051339E-02
 0.2838710E+01  0.9181670E-03
 0.2848387E+01  0.9085193E-03
 0.2858065E+01  0.1022957E-02
 0.2867742E+01  0.9728406E-03
 0.2877419E+01  0.8593208E-03
 0.2887097E+01  0.9561310E-03
 0.2896774E+01  0.9254801E-03
 0.2906452E+01  0.9495453E-03
 0.2916129E+01  0.9093791E-03
 0.2925806E+01  0.8934249E-03
 0.2935484E+01  0.8702843E-03
 0.2945161E+01  0.9401909E-03
 0.2954839E+01  0.9355444E-03
 0.2964516E+01  0.7506816E-03
 0.2974194E+01  0.9534839E-03
 0.2983871E+01  0.8464738E-03
 0.2993548E+01  0.8782679E-03
 0.3003226E+01  0.8381895E-03
 0.3012903E+01  0.8409632E-03
 0.3022581E+01  0.8567942E-03
 0.3032258E+01  0.8807158E-03
 0.3041935E+01  0.8275020E-03
 0.3051613E+01  0.8517401E-03
 0.3061290E+01  0.8247648E-03
 0.3070968E+01  0.8901866E-03
 0.3080645E+01  0.8488374E-03
 0.3090323E+01  0.8107987E-03
 0.3100000E+01  0.9003043E-03
 0.3109677E+01  0.7981778E-03
 0.3119355E+01  0.9075143E-03
 0.3129032E+01  0.7982993E-03
 0.3138710E+01  0.8892025E-03
 0.3148387E+01  0.7854613E-03
 0.3158065E+01  0.8431417E-03
 0.3167742E+01  0.8676098E-03
 0.3177419E+01  0.7862478E-03
 0.3187097E+01  0.8082509E-03
 0.3196774E+01  0.8341408E-03
 0.3206452E+01  0.7960090E-03
 0.3216129E+01  0.8137684E-03
 0.3225806E+01  0.8152016E-03
 0.3235484E+01  0.7298006E-03
 0.3245161E+01  0.8314818E-03
 0.3254839E+01  0.8219884E-03
 0.3264516E+01  0.7535719E-03
 0.3274194E+01  0.7529730E-03
 0.3283871E+01  0.8407525E-03
 0.3293548E+01  0.7961926E-03
 0.3303226E+01  0.7814698E-03
 0.3312903E+01  0.8054807E-03
 0.3322581E+01  0.7702628E-03
 0.3332258E+01  0.8352675E-03
 0.3341935E+01  0.8453505E-03
 0.3351613E+01  0.7458146E-03
 0.3361290E+01  0.7700063E-03
 0.3370968E+01  0.9042039E-03
 0.3380645E+01  0.7560107E-03
 0.3390323E+01  0.7790818E-03
 0.3400000E+01  0.7929257E-03
 0.3409677E+01  0.7656476E-03
 0.3419355E+01  0.8290229E-03
 0.3429032E+01  0.7239902E-03
 0.3438710E+01  0.7653039E-03
 0.3448387E+01  0.7109749E-03
 0.3458065E+01  0.8407191E-03
 0.3467742E+01  0.7010299E-03
 0.3477419E+01  0.6979702E-03
 0.3487097E+01  0.7815473E-03
 0.3496774E+01  0.7408783E-03
 0.3506452E+01  0.7198299E-03
 0.3516129E+01  0.7485922E-03
 0.3525806E+01  0.6873926E-03
 0.3535484E+01  0.7813447E-03
 0.3545161E+01  0.7444639E-03
 0.3554839E+01  0.7083688E-03
 0.3564516E+01  0.7622220E-03
 0.3574194E+01  0.7256365E-03
 0.3583871E+01  0.8445451E-03
 0.3593548E+01  0.6610171E-03
 0.3603226E+01  0.8356152E-03
 0.3612903E+01  0.7229801E-03
 0.3622581E+01  0.7818757E-03
 0.3632258E+01  0.7542949E-03
 0.3641935E+01  0.7276862E-03
 0.3651613E+01  0.7435105E-03
 0.3661290E+01  0.7311601E-03
 0.3670968E+01  0.7062853E-03
 0.3680645E+01  0.7133448E-03
 0.3690323E+01  0.6717264E-03
 0.3700000E+01  0.7034453E-03
 0.3709677E+01  0.6818492E-03
 0.3719355E+01  0.6378168E-03
 0.3729032E+01  0.7429025E-03
 0.3738710E+01  0.6036848E-03
 0.3748387E+01  0.7451778E-03
 0.3758065E+01  0.6396459E-03
 0.3767742E+01  0.7399717E-03
 0.3777419E+01  0.6587567E-03
 0.3787097E+01  0.7090796E-03
 0.3796774E+01  0.7131563E-03
 0.3806452E+01  0.6920102E-03
 0.3816129E+01  0.7253804E-03
 0.3825806E+01  0.7017579E-03
 0.3835484E+01  0.6885144E-03
 0.3845161E+01  0.7516179E-03
 0.3854839E+01  0.7128328E-03
 0.3864516E+01  0.6604885E-03
 0.3874194E+01  0.7394355E-03
 0.3883871E+01  0.6789190E-03
 0.3893548E+01  0.7155428E-03
 0.3903226E+01  0.6232865E-03
 0.3912903E+01  0.6988521E-03
 0.3922581E+01  0.6088574E-03
 0.3932258E+01  0.6888188E-03
 0.3941935E+01  0.6163789E-03
 0.3951613E+01  0.5857041E-03
 0.3961290E+01  0.6558411E-03
 0.3970968E+01  0.6467860E-03
 0.3980645E+01  0.5926631E-03
 0.3990323E+01  0.6204529E-03
 0.4000000E+01  0.6509448E-03
 0.4009677E+01  0.6322317E-03
 0.4019355E+01  0.6739909E-03
 0.4029032E+01  0.6277648E-03
 0.4038710E+01  0.6557991E-03
 0.4048387E+01  0.6884128E-03
 0.4058065E+01  0.7252079E-03
 0.4067742E+01  0.5934480E-03
 0.4077419E+01  0.6965961E-03
 0.4087097E+01  0.6922519E-03
 0.4096774E+01  0.6564822E-03
 0.4106452E+01  0.6414707E-03
 0.4116129E+01  0.6408142E-03
 0.4125806E+01  0.6227721E-03
 0.4135484E+01  0.6581685E-03
 0.4145161E+01  0.6196194E-03
 0.4154839E+01  0.5358420E-03
 0.4164516E+01  0.6238818E-03
 0.4174194E+01  0.6187450E-03
 0.4183871E+01  0.5458723E-03
 0.4193548E+01  0.5450546E-03
 0.4203226E+01  0.5953750E-03
 0.4212903E+01  0.5584590E-03
 0.4222581E+01  0.6072570E-03
 0.4232258E+01  0.5595783E-03
 0.4241935E+01  0.5641102E-03
 0.4251613E+01  0.6363280E-03
 0.4261290E+01  0.6625080E-03
 0.4270968E+01  0.5674979E-03
 0.4280645E+01  0.6334110E-03
 0.4290323E+01  0.6947406E-03
 0.4300000E+01  0.6278775E-03
 0.4309677E+01  0.6399138E-03
 0.4319355E+01  0.6139115E-03
 0.4329032E+01  0.6028348E-03
 0.4338710E+01  0.6362614E-03
 0.4348387E+01  0.5934601E-03
 0.4358065E+01  0.5114207E-03
 0.4367742E+01  0.5669839E-03
 0.4377419E+01  0.5974580E-03
 0.4387097E+01  0.5094999E-03
 0.4396774E+01  0.5002448E-03
 0.4406452E+01  0.5528195E-03
 0.4416129E+01  0.5163028E-03
 0.4425806E+01  0.5573051E-03
 0.4435484E+01  0.5282637E-03
 0.4445161E+01  0.4955637E-03
 0.4454839E+01  0.5885877E-03
 0.4464516E+01  0.5960221E-03
 0.4474194E+01  0.5198358E-03
 0.4483871E+01  0.5524816E-03
 0.4493548E+01  0.6223990E-03
 0.4503226E+01  0.5813551E-03
 0.4512903E+01  0.5803825E-03
 0.4522581E+01  0.5866141E-03
 0.4532258E+01  0.5621944E-03
 0.4541935E+01  0.6122820E-03
 0.4551613E+01  0.6019213E-03
 0.4561290E+01  0.4901607E-03
 0.4570968E+01  0.5607224E-03
 0.4580645E+01  0.5825785E-03
 0.4590323E+01  0.5035977E-03
 0.4600000E+01  0.4869576E-03
 0.4609677E+01  0.5049359E-03
 0.4619355E+01  0.4892016E-03
 0.4629032E+01  0.5011807E-03
 0.4638710E+01  0.4838975E-03
 0.4648387E+01  0.4296656E-03
 0.4658065E+01  0.5044260E-03
 0.4667742E+01  0.5405121E-03
 0.4677419E+01  0.4684843E-03
 0.4687097E+01  0.4784886E-03
 0.4696774E+01  0.5740003E-03
 0.4706452E+01  0.5248713E-03
 0.4716129E+01  0.5590801E-03
 0.4725806E+01  0.5367428E-03
 0.4735484E+01  0.5252314E-03
 0.4745161E+01  0.5834804E-03
 0.4754839E+01  0.5777270E-03
 0.4764516E+01  0.4765691E-03
 0.4774194E+01  0.5067353E-03
 0.4783871E+01  0.5666820E-03
 0.4793548E+01  0.4836648E-03
 0.4803226E+01  0.4598250E-03
 0.4812903E+01  0.4721299E-03
 0.4822581E+01  0.4615850E-03
 0.4832258E+01  0.4665616E-03
 0.4841935E+01  0.4795714E-03
 0.4851613E+01  0.3748968E-03
 0.4861290E+01  0.4768330E-03
 0.4870968E+01  0.4929245E-03
 0.4880645E+01  0.4320950E-03
 0.4890323E+01  0.4291356E-03
 0.4900000E+01  0.4886096E-03
 0.4909677E+01  0.4841563E-03
 0.4919355E+01  0.4864168E-03
 0.4929032E+01  0.4798480E-03
 0.4938710E+01  0.4536686E-03
 0.4948387E+01  0.5232555E-03
 0.4958065E+01  0.5373688E-03
 0.4967742E+01  0.4624285E-03
 0.4977419E+01  0.4509784E-03
 0.4987097E+01  0.5761888E-03
 0.4996774E+01  0.4525748E-03
 0.5006452E+01  0.4951179E-03
 0.5016129E+01  0.4328264E-03
 0.5025806E+01  0.4554009E-03
 0.5035484E+01  0.4613145E-03
 0.5045161E+01  0.4404937E-03
 0.5054839E+01  0.3695794E-03
 0.5064516E+01  0.3961571E-03
 0.5074194E+01  0.4541709E-03
 0.5083871E+01  0.3874529E-03
 0.5093548E+01  0.3648916E-03
 0.5103226E+01  0.4107554E-03
 0.5112903E+01  0.4299648E-03
 0.5122581E+01  0.4148447E-03
 0.5132258E+01  0.4694994E-03
 0.5141935E+01  0.3586580E-03
 0.5151613E+01  0.5379938E-03
 0.5161290E+01  0.4581696E-03
 0.5170968E+01  0.4798570E-03
 0.5180645E+01  0.4204598E-03
 0.5190323E+01  0.5036790E-03
 0.5200000E+01  0.4875855E-03
 0.5209677E+01  0.4337395E-03
 0.5219355E+01  0.4364968E-03
 0.5229032E+01  0.4096865E-03
 0.5238710E+01  0.4388402E-03
 0.5248387E+01  0.4189016E-03
 0.5258065E+01  0.3469429E-03
 0.5267742E+01  0.3477809E-03
 0.5277419E+01  0.4254859E-03
 0.5287097E+01  0.3175259E-03
 0.5296774E+01  0.3950884E-03
 0.5306452E+01  0.2929894E-03
 0.5316129E+01  0.4356254E-03
 0.5325806E+01  0.3549414E-03
 0.5335484E+01  0.3998655E-03
 0.5345161E+01  0.3804911E-03
 0.5354839E+01  0.4106709E-03
 0.5364516E+01  0.4638440E-03
 0.5374194E+01  0.4146916E-03
 0.5383871E+01  0.4256180E-03
 0.5393548E+01  0.4373396E-03
 0.5403226E+01  0.4530468E-03
 0.5412903E+01  0.4217942E-03
 0.5422581E+01  0.4126066E-03
 0.5432258E+01  0.3642359E-03
 0.5441935E+01  0.4531560E-03
 0.5451613E+01  0.3140955E-03
 0.5461290E+01  0.4095624E-03
 0.5470968E+01  0.2904279E-03
 0.5480645E+01  0.3686624E-03
 0.5490323E+01  0.3240169E-03
 0.5500000E+01  0.3221152E-03
 0.5509677E+01  0.3191989E-03
 0.5519355E+01  0.3285078E-03
 0.5529032E+01  0.3569565E-03
 0.5538710E+01  0.3320603E-03
 0.5548387E+01  0.3803164E-03
 0.5558065E+01  0.3725029E-03
 0.5567742E+01  0.3736908E-03
 0.5577419E+01  0.3876786E-03
 0.5587097E+01  0.4336185E-03
 0.5596774E+01  0.3345203E-03
 0.5606452E+01  0.4452012E-03
 0.5616129E+01  0.3550573E-03
 0.5625806E+01  0.3970810E-03
 0.5635484E+01  0.3708529E-03
 0.5645161E+01  0.3644072E-03
 0.5654839E+01  0.3260254E-03
 0.5664516E+01  0.3553485E-03
 0.5674194E+01  0.3448599E-03
 0.5683871E+01  0.2778234E-03
 0.5693548E+01  0.3132080E-03
 0.5703226E+01  0.3155919E-03
 0.5712903E+01  0.2917532E-03
 0.5722581E+01  0.2994233E-03
 0.5732258E+01  0.3051776E-03
 0.5741935E+01  0.2824063E-03
 0.5751613E+01  0.3651650E-03
 0.5761290E+01  0.3377708E-03
 0.5770968E+01  0.2893510E-03
 0.5780645E+01  0.3739093E-03
 0.5790323E+01  0.3770696E-03
 0.5800000E+01  0.3477759E-03
 0.5809677E+01  0.3444026E-03
 0.5819355E+01  0.3581121E-03
 0.5829032E+01  0.3496706E-03
 0.5838710E+01  0.3672117E-03
 0.5848387E+01  0.3263426E-03
 0.5858065E+01  0.2760297E-03
 0.5867742E+01  0.3348998E-03
 0.5877419E+01  0.3314215E-03
 0.5887097E+01  0.2556840E-03
 0.5896774E+01  0.2581249E-03
 0.5906452E+01  0.3189248E-03
 0.5916129E+01  0.2495041E-03
 0.5925806E+01  0.3227750E-03
 0.5935484E+01  0.2317643E-03
 0.5945161E+01  0.3034590E-03
 0.5954839E+01  0.3063597E-03
 0.5964516E+01  0.3227437E-03
 0.5974194E+01  0.2712646E-03
 0.5983871E+01  0.2936777E-03
 0.5993548E+01  0.3548098E-03
 0.6003226E+01  0.2976895E-03
 0.6012903E+01  0.2964789E-03
 0.6022581E+01  0.2961328E-03
 0.6032258E+01  0.3139810E-03
 0.6041935E+01  0.2998981E-03
 0.6051613E+01  0.3193165E-03
 0.6061290E+01  0.2346331E-03
 0.6070968E+01  0.3506775E-03
 0.6080645E+01  0.2560914E-03
 0.6090323E+01  0.3250619E-03
 0.6100000E+01  0.2316836E-03
 0.6109677E+01  0.3038979E-03
 0.6119355E+01  0.2752648E-03
 0.6129032E+01  0.2565412E-03
 0.6138710E+01  0.2624823E-03
 0.6148387E+01  0.2502168E-03
 0.6158065E+01  0.2590950E-03
 0.6167742E+01  0.2402282E-03
 0.6177419E+01  0.2636180E-03
 0.6187097E+01  0.2348651E-03
 0.6196774E+01  0.2668202E-03
 0.6206452E+01  0.2475574E-03
 0.6216129E+01  0.2891499E-03
 0.6225806E+01  0.2492899E-03
 0.6235484E+01  0.3245141E-03
 0.6245161E+01  0.2526035E-03
 0.6254839E+01  0.2992490E-03
 0.6264516E+01  0.3164131E-03
 0.6274194E+01  0.2847830E-03
 0.6283871E+01  0.2598650E-03
 0.6293548E+01  0.2922656E-03
 0.6303226E+01  0.2669373E-03
 0.6312903E+01  0.2405565E-03
 0.6322581E+01  0.2427906E-03
 0.6332258E+01  0.2072661E-03
 0.6341935E+01  0.2227468E-03
 0.6351613E+01  0.2371209E-03
 0.6361290E+01  0.1911453E-03
 0.6370968E+01  0.1932213E-03
 0.6380645E+01  0.2369550E-03
 0.6390323E+01  0.2638103E-03
 0.6400000E+01  0.1871410E-03
 0.6409677E+01  0.2701706E-03
 0.6419355E+01  0.2453974E-03
 0.6429032E+01  0.2694939E-03
 0.6438710E+01  0.2861273E-03
 0.6448387E+01  0.2313955E-03
 0.6458065E+01  0.2640950E-03
 0.6467742E+01  0.2917580E-03
 0.6477419E+01  0.2632868E-03
 0.6487097E+01  0.2087280E-03
 0.6496774E+01  0.2568202E-03
 0.6506452E+01  0.2357994E-03
 0.6516129E+01  0.2358127E-03
 0.6525806E+01  0.1802287E-03
 0.6535484E+01  0.2380478E-03
 0.6545161E+01  0.1611821E-03
 0.6554839E+01  0.2567350E-03
 0.6564516E+01  0.1597422E-03
 0.6574194E+01  0.2020272E-03
 0.6583871E+01  0.2030236E-03
 0.6593548E+01  0.2135273E-03
 0.6603226E+01  0.2083515E-03
 0.6612903E+01  0.2038651E-03
 0.6622581E+01  0.2369818E-03
 0.6632258E+01  0.2207136E-03
 0.6641935E+01  0.2317646E-03
 0.6651613E+01  0.2215378E-03
 0.6661290E+01  0.2545625E-03
 0.6670968E+01  0.2024370E-03
 0.6680645E+01  0.2515558E-03
 0.6690323E+01  0.2141138E-03
 0.6700000E+01  0.2395722E-03
 0.6709677E+01  0.2020202E-03
 0.6719355E+01  0.2222465E-03
 0.6729032E+01  0.1905987E-03
 0.6738710E+01  0.2136005E-03
 0.6748387E+01  0.1939124E-03
 0.6758065E+01  0.1664885E-03
 0.6767742E+01  0.1757265E-03
 0.6777419E+01  0.2130959E-03
 0.6787097E+01  0.1559138E-03
 0.6796774E+01  0.1612566E-03
 0.6806452E+01  0.1908981E-03
 0.6816129E+01  0.1805204E-03
 0.6825806E+01  0.1806587E-03
 0.6835484E+01  0.2065339E-03
 0.6845161E+01  0.1519740E-03
 0.6854839E+01  0.2481042E-03
 0.6864516E+01  0.2050409E-03
 0.6874194E+01  0.2108544E-03
 0.6883871E+01  0.1842449E-03
 0.6893548E+01  0.2557254E-03
 0.6903226E+01  0.2150399E-03
 0.6912903E+01  0.1873598E-03
 0.6922581E+01  0.2225348E-03
 0.6932258E+01  0.1730094E-03
 0.6941935E+01  0.2078697E-03
 0.6951613E+01  0.1751002E-03
 0.6961290E+01  0.1591962E-03
 0.6970968E+01  0.1399336E-03
 0.6980645E+01  0.1911238E-03
 0.6990323E+01  0.1144788E-03
 0.7000000E+01  0.1634692E-03
 0.7009677E+01  0.1202453E-03
 0.7019355E+01  0.1735285E-03
 0.7029032E+01  0.1345878E-03
 0.7038710E+01  0.1780609E-03
 0.7048387E+01  0.1752981E-03
 0.7058065E+01  0.1894213E-03
 0.7067742E+01  0.1891870E-03
 0.7077419E+01  0.2153716E-03
 0.7087097E+01  0.2167505E-03
 0.7096774E+01  0.1994156E-03
 0.7106452E+01  0.2114571E-03
 0.7116129E+01  0.1953287E-03
 0.7125806E+01  0.1993570E-03
 0.7135484E+01  0.1819780E-03
 0.7145161E+01  0.1639750E-03
 0.7154839E+01  0.1387236E-03
 0.7164516E+01  0.1550591E-03
 0.7174194E+01  0.1494253E-03
 0.7183871E+01  0.9214820E-04
 0.7193548E+01  0.1323929E-03
 0.7203226E+01  0.1292911E-03
 0.7212903E+01  0.1147386E-03
 0.7222581E+01  0.1419947E-03
 0.7232258E+01  0.1213042E-03
 0.7241935E+01  0.1564172E-03
 0.7251613E+01  0.1751022E-03
 0.7261290E+01  0.1874883E-03
 0.7270968E+01  0.1385056E-03
 0.7280645E+01  0.2252753E-03
 0.7290323E+01  0.1898329E-03
 0.7300000E+01  0.2080211E-03
 0.7309677E+01  0.1553744E-03
 0.7319355E+01  0.2232002E-03
 0.7329032E+01  0.1409773E-03
 0.7338710E+01  0.2045381E-03
 0.7348387E+01  0.1254730E-03
 0.7358065E+01  0.1309774E-03
 0.7367742E+01  0.1324088E-03
 0.7377419E+01  0.1156892E-03
 0.7387097E+01  0.1033257E-03
 0.7396774E+01  0.9690436E-04
 0.7406452E+01  0.1087897E-03
 0.7416129E+01  0.1001766E-03
 0.7425806E+01  0.1189701E-03
 0.7435484E+01  0.1155203E-03
 0.7445161E+01  0.1454362E-03
 0.7454839E+01  0.1297194E-03
 0.7464516E+01  0.1525440E-03
 0.7474194E+01  0.2027397E-03
 0.7483871E+01  0.1645545E-03
 0.7493548E+01  0.1775128E-03
 0.7503226E+01  0.1864884E-03
 0.7512903E+01  0.1878352E-03
 0.7522581E+01  0.1766451E-03
 0.7532258E+01  0.1619435E-03
 0.7541935E+01  0.1444148E-03
 0.7551613E+01  0.1278800E-03
 0.7561290E+01  0.1555653E-03
 0.7570968E+01  0.8585999E-04
 0.7580645E+01  0.8645055E-04
 0.7590323E+01  0.9079240E-04
 0.7600000E+01  0.1014663E-03
 0.7609677E+01  0.5732566E-04
 0.7619355E+01  0.1117291E-03
 0.7629032E+01  0.6844434E-04
 0.7638710E+01  0.1412729E-03
 0.7648387E+01  0.1113880E-03
 0.7658065E+01  0.1378220E-03
 0.7667742E+01  0.1344459E-03
 0.7677419E+01  0.1816882E-03
 0.7687097E+01  0.1685424E-03
 0.7696774E+01  0.1611341E-03
 0.7706452E+01  0.1823320E-03
 0.7716129E+01  0.1620213E-03
 0.7725806E+01  0.1808853E-03
 0.7735484E+01  0.1356230E-03
 0.7745161E+01  0.1486139E-03
 0.7754839E+01  0.1115689E-03
 0.7764516E+01  0.1227920E-03
 0.7774194E+01  0.8446349E-04
 0.7783871E+01  0.8418848E-04
 0.7793548E+01  0.6707214E-04
 0.7803226E+01  0.5719012E-04
 0.7812903E+01  0.7596681E-04
 0.7822581E+01  0.6447316E-04
 0.7832258E+01  0.8838361E-04
 0.7841935E+01  0.9601374E-04
 0.7851613E+01  0.8483858E-04
 0.7861290E+01  0.1585397E-03
 0.7870968E+01  0.1529207E-03
 0.7880645E+01  0.1468969E-03
 0.7890323E+01  0.1466892E-03
 0.7900000E+01  0.2175117E-03
 0.7909677E+01  0.1502546E-03
 0.7919355E+01  0.1909052E-03
 0.7929032E+01  0.1217056E-03
 0.7938710E+01  0.1579119E-03
 0.7948387E+01  0.1114680E-03
 0.7958065E+01  0.1277102E-03
 0.7967742E+01  0.5046216E-04
 0.7977419E+01  0.7796633E-04
 0.7987097E+01  0.6556814E-04
 0.7996774E+01  0.4735369E-04
 0.8006452E+01  0.4771224E-04
 0.8016129E+01  0.5351918E-04
 0.8025806E+01  0.7226999E-04
 0.8035484E+01  0.7201544E-04
 0.8045161E+01  0.9454413E-04
 0.8054839E+01  0.1210240E-03
 0.8064516E+01  0.1338391E-03
 0.8074194E+01  0.1299021E-03
 0.8083871E+01  0.1565295E-03
 0.8093548E+01  0.1855650E-03
 0.8103226E+01  0.1440132E-03
 0.8112903E+01  0.1724226E-03
 0.8122581E+01  0.1376440E-03
 0.8132258E+01  0.1396561E-03
 0.8141935E+01  0.1322993E-03
 0.8151613E+01  0.8670144E-04
 0.8161290E+01  0.7357111E-04
 0.8170968E+01  0.7514617E-04
 0.8180645E+01  0.6334753E-04
 0.8190323E+01  0.2327148E-04
 0.8200000E+01  0.5356625E-04
 0.8209677E+01  0.3684439E-04
 0.8219355E+01  0.6541033E-04
 0.8229032E+01  0.4613537E-04
 0.8238710E+01  0.8844524E-04
 0.8248387E+01  0.8758997E-04
 0.8258065E+01  0.1417951E-03
 0.8267742E+01  0.1081336E-03
 0.8277419E+01  0.1414274E-03
 0.8287097E+01  0.1519240E-03
 0.8296774E+01  0.1566115E-03
 0.8306452E+01  0.1349038E-03
 0.8316129E+01  0.1359082E-03
 0.8325806E+01  0.1308879E-03
 0.8335484E+01  0.1118886E-03
 0.8345161E+01  0.1015368E-03
 0.8354839E+01  0.7006646E-04
 0.8364516E+01  0.8241492E-04
 0.8374194E+01  0.4913761E-04
 0.8383871E+01  0.3739022E-04
 0.8393548E+01  0.5990660E-04
 0.8403226E+01  0.3032315E-04
 0.8412903E+01  0.4847467E-04
 0.8422581E+01  0.3429625E-04
 0.8432258E+01  0.6466613E-04
 0.8441935E+01  0.7225508E-04
 0.8451613E+01  0.9139016E-04
 0.8461290E+01  0.7484290E-04
 0.8470968E+01  0.1091080E-03
 0.8480645E+01  0.1597191E-03
 0.8490323E+01  0.1045711E-03
 0.8500000E+01  0.1394446E-03
 0.8509677E+01  0.1259265E-03
 0.8519355E+01  0.1620837E-03
 0.8529032E+01  0.1039498E-03
 0.8538710E+01  0.1298737E-03
 0.8548387E+01  0.7054258E-04
 0.8558065E+01  0.1049622E-03
 0.8567742E+01  0.5596628E-04
 0.8577419E+01  0.3999198E-04
 0.8587097E+01  0.3412781E-04
 0.8596774E+01  0.2885724E-04
 0.8606452E+01  0.2032204E-04
 0.8616129E+01  0.3249859E-04
 0.8625806E+01  0.3599579E-04
 0.8635484E+01  0.6520735E-04
 0.8645161E+01  0.5383189E-04
 0.8654839E+01  0.8141174E-04
 0.8664516E+01  0.1146769E-03
 0.8674194E+01  0.1425177E-03
 0.8683871E+01  0.8094851E-04
 0.8693548E+01  0.1601944E-03
 0.8703226E+01  0.1283148E-03
 0.8712903E+01  0.1509869E-03
 0.8722581E+01  0.9529695E-04
 0.8732258E+01  0.1202377E-03
 0.8741935E+01  0.7943455E-04
 0.8751613E+01  0.1056960E-03
 0.8761290E+01  0.5346019E-04
 0.8770968E+01  0.3105913E-04
 0.8780645E+01  0.4605265E-04
 0.8790323E+01  0.2561033E-04
 0.8800000E+01  0.1942772E-04
 0.8809677E+01  0.1725551E-04
 0.8819355E+01  0.3168842E-04
 0.8829032E+01  0.3331335E-04
 0.8838710E+01  0.4409252E-04
 0.8848387E+01  0.7560735E-04
 0.8858065E+01  0.8827986E-04
 0.8867742E+01  0.9953447E-04
 0.8877419E+01  0.8151523E-04
 0.8887097E+01  0.1682046E-03
 0.8896774E+01  0.1247525E-03
 0.8906452E+01  0.1228291E-03
 0.8916129E+01  0.1255710E-03
 0.8925806E+01  0.1166110E-03
 0.8935484E+01  0.1197806E-03
 0.8945161E+01  0.9100093E-04
 0.8954839E+01  0.6133783E-04
 0.8964516E+01  0.4299237E-04
 0.8974194E+01  0.6487407E-04
 0.8983871E+01  0.1346820E-04
 0.8993548E+01  0.1301030E-04
 0.9003226E+01  0.6377627E-05
 0.9012903E+01  0.1998548E-04
 0.9022581E+01  0.2297501E-04
 0.9032258E+01  0.3530630E-04
 0.9041935E+01  0.6938030E-04
 0.9051613E+01  0.7901480E-04
 0.9061290E+01  0.8940007E-04
 0.9070968E+01  0.1186280E-03
 0.9080645E+01  0.1430518E-03
 0.9090323E+01  0.1336260E-03
 0.9100000E+01  0.1248661E-03
 0.9109677E+01  0.1371358E-03
 0.9119355E+01  0.1249685E-03
 0.9129032E+01  0.9906775E-04
 0.9138710E+01  0.8876179E-04
 0.9148387E+01  0.5429363E-04
 0.9158065E+01  0.4897148E-04
 0.9167742E+01  0.4255955E-04
 0.9177419E+01  0.7275899E-05
 0.9187097E+01  0.1716814E-04
 0.9196774E+01  0.1058182E-04
 0.9206452E+01  0.1223565E-04
 0.9216129E+01  0.1728895E-04
 0.9225806E+01  0.3521951E-04
 0.9235484E+01  0.4952946E-04
 0.9245161E+01  0.6669255E-04
 0.9254839E+01  0.7694064E-04
 0.9264516E+01  0.9222175E-04
 0.9274194E+01  0.1320450E-03
 0.9283871E+01  0.9398636E-04
 0.9293548E+01  0.1275338E-03
 0.9303226E+01  0.1051198E-03
 0.9312903E+01  0.1210383E-03
 0.9322581E+01  0.8758475E-04
 0.9332258E+01  0.7841035E-04
 0.9341935E+01  0.6380181E-04
 0.9351613E+01  0.4842426E-04
 0.9361290E+01  0.3510412E-04
 0.9370968E+01  0.1425242E-04
 0.9380645E+01  0.2231566E-04
 0.9390323E+01  0.1270240E-04
 0.9400000E+01  0.2607947E-05
 0.9409677E+01  0.1990213E-04
 0.9419355E+01  0.1883717E-04
 0.9429032E+01  0.4464458E-04
 0.9438710E+01  0.3049233E-04
 0.9448387E+01  0.6832156E-04
 0.9458065E+01  0.5692329E-04
 0.9467742E+01  0.1145017E-03
 0.9477419E+01  0.6861624E-04
 0.9487097E+01  0.9926868E-04
 0.9496774E+01  0.1024387E-03
 0.9506452E+01  0.1019958E-03
 0.9516129E+01  0.8946057E-04
 0.9525806E+01  0.8426194E-04
 0.9535484E+01  0.7233261E-04
 0.9545161E+01  0.6840988E-04
 0.9554839E+01  0.4786540E-04
 0.9564516E+01  0.3130086E-04
 0.9574194E+01  0.2828488E-04
 0.9583871E+01  0.9564295E-05
 0.9593548E+01  0.5060596E-05
 0.9603226E+01  0.1832196E-04
 0.9612903E+01  0.2434744E-05
 0.9622581E+01  0.2440805E-04
 0.9632258E+01  0.1763357E-04
 0.9641935E+01  0.5304694E-04
 0.9651613E+01  0.6248893E-04
 0.9661290E+01  0.8291930E-04
 0.9670968E+01  0.7333773E-04
 0.9680645E+01  0.1125502E-03
 0.9690323E+01  0.1209927E-03
 0.9700000E+01  0.9860877E-04
 0.9709677E+01  0.9941947E-04
 0.9719355E+01  0.9377269E-04
 0.9729032E+01  0.9682244E-04
 0.9738710E+01  0.5915102E-04
 0.9748387E+01  0.6354000E-04
 0.9758065E+01  0.2386900E-04
 0.9767742E+01  0.4277932E-04
 0.9777419E+01  0.7017651E-05
 0.9787097E+01  0.4613975E-05
 0.9796774E+01  0.9352414E-05
 0.9806452E+01  0.1161200E-06
 0.9816129E+01  0.1475070E-04
 0.9825806E+01  0.1957287E-04
 0.9835484E+01  0.4150659E-04
 0.9845161E+01  0.5219852E-04
 0.9854839E+01  0.5545492E-04
 0.9864516E+01  0.7970443E-04
 0.9874194E+01  0.1123479E-03
 0.9883871E+01  0.1139101E-03
 0.9893548E+01  0.7447160E-04
 0.9903226E+01  0.1410911E-03
 0.9912903E+01  0.8662145E-04
 0.9922581E+01  0.1109794E-03
 0.9932258E+01  0.5486696E-04
 0.9941935E+01  0.6458619E-04
 0.9951613E+01  0.3553529E-04
 0.9961290E+01  0.4085495E-04
 0.9970968E+01  0.7023245E-05
 0.9980645E+01  0.2405731E-05
 0.9990323E+01  0.1770793E-05
 0.1000000E+02  0.3823724E-05
